   1.96314313791414791298116829457010577E-0002
   1.96264416845982336245080917547122375E-0002
   5.88658155942968513258507864582338801E-0002
   1.95911347698469736936629917839738950E-0002
   9.80094329884852443376259839774326653E-0002
   1.95256197452743840716206057182295670E-0002
  0.137001926940870804955389920637627148      
   1.94299976302997319843826927000466660E-0002
  0.175783173852011294370306168326808847      
   1.93044158672934791950078849940100863E-0002
  0.214293375850090582688241866875327295      
   1.91490680942318335877665428243455478E-0002
  0.252473152994902753192913897992147666      
   1.89641938461210250160739957863927239E-0002
  0.290263634837415955947697623562131633      
   1.87500781856516875396444697065480342E-0002
  0.327606551193737799643415486740770531      
   1.85070512636528522227516065902050489E-0002
  0.364444321993515406486135092568128292      
   1.82354878100232985777705317995164427E-0002
  0.400720146064230409582284820679084275      
   1.79358065559252116120438324020703494E-0002
  0.436378088714489945149191034238007061      
   1.76084695881310799786660095554096410E-0002
  0.471363167981266553004613359041628773      
   1.72539816365193855163675431597451338E-0002
  0.505621439408099992733373408281901229      
   1.68728892958177141818854571692063499E-0002
  0.539100079223539133177193861320520120      
   1.64657801827933040885780926491093819E-0002
  0.571747465791568786747887884883077526      
   1.60332820301905817381608739787782166E-0002
  0.603513259208430834030091595429918132      
   1.55760617188127690919763096665349880E-0002
  0.634348478923107109792083874364381816      
   1.50948242492400214875697263033222679E-0002
  0.664205579261778891839293516769208743      
   1.45903116547696325005472507113011406E-0002
  0.693038522739809750300703868284304607      
   1.40633018572544731641533570919486503E-0002
  0.720802851048209993553071788553119221      
   1.35146074676038797428071569565854502E-0002
  0.747455753605126727808925998210864277      
   1.29450745327965307492206655554053077E-0002
  0.772956133566658101407576141793323624      
   1.23555812313373285304203188061676011E-0002
  0.797264671195207842803695278089979388      
   1.17470365191697963560946738255203355E-0002
  0.820343884487670682585856686613873515      
   1.11203787281318959467307679416375982E-0002
  0.842158186969964392022812236917150340      
   1.04765741191163449849619544116649081E-0002
  0.862673942568793458765319462994325976      
   9.81661539216635653149258837275351467E-0003
  0.881859517476036117300353748390076695      
   9.14152015580412472500519293721626235E-0003
  0.899685328925783608562506328151572799      
   8.45232935795224129581634089332252840E-0003
  0.916123890808821009594578100650346996      
   7.75010568086744833993278072536067010E-0003
  0.931149856054215410021555732831192808      
   7.03593190256162316920789717922197417E-0003
  0.944740055712662098248636463182297613      
   6.31090922723656531238337567149389755E-0003
  0.956873534681325070381625241015533370      
   5.57615558730693421295985275429729117E-0003
  0.967531584015086747193042492582905974      
   4.83280391962949518213390723214885396E-0003
  0.976697769774385294036478111198010789      
   4.08200041859660316814536224553315961E-0003
  0.984357958365158269494842892281176533      
   3.32490276878752757175246957748533408E-0003
  0.990500338331820246332055714641587169      
   2.56267835990274166498218057479388858E-0003
  0.995115438569671212843186734036316590      
   1.79650248673361855472811581663558627E-0003
  0.998196142928653540909868363420338004      
   1.02755653694304995122132003365578255E-0003
  0.999737701185939586017652767221653554      
   2.57026169451298674951836028184794573E-0004
  0.999737736370430984465103283107865934      
  -5.13900513764118115751802059425700330E-0004
  0.998196248427875800738622683934806458      
  -1.28403479963556290700988612367982285E-0003
  0.995115614220952180064756417427788014      
  -2.05218919691466848457163145568433514E-0003
  0.990500583864318377153798429941502171      
  -2.81717926719777183342054880809761358E-0003
  0.984358273400280248349503978166775309      
  -3.57782545124408277810277250441802240E-0003
  0.976698153826369797033804373847337743      
  -4.33295488777053712191643905196390437E-0003
  0.967532036491753450872537873064150864      
  -5.08140322191888445030218172326308251E-0003
  0.956874054884987750849240840340200530      
  -5.82201640060648542935124431039051968E-0003
  0.944740642841204412764708894653050500      
  -6.55365245199251779961854565009529791E-0003
  0.931150509202327702262759405678572450      
  -7.27518324631578315388172147351633565E-0003
  0.916124608969396231525822938182273661      
  -7.98549623538903022886501602384035889E-0003
  0.899686110991470206508432889730219151      
  -8.68349616806762054547581912787572512E-0003
  0.881860362240945487778658937490554805      
  -9.36810677904740805478583336340029495E-0003
  0.862674848730359341308776700661075303      
  -1.00382724483878288658548664055841646E-0002
  0.842159153130951331941026025689901630      
  -1.06929598292013367356699415146168184E-0002
  0.820344909158328466762749224332588349      
  -1.13311594409994051889579508352980982E-0002
  0.797265752795568586546882018855059510      
  -1.19518872262382722206251043876022784E-0002
  0.772957270428972444408204743096578465      
  -1.25541860676643468631781511282286426E-0002
  0.747456943976435382774387588171262802      
  -1.31371272641196409815893599722102851E-0002
  0.720804093093046682370982475505835650      
  -1.36998119625316412882890974894281720E-0002
  0.693039814543031360002504354493543825      
  -1.42413725438795969883352778112791783E-0002
  0.664206918831518486468104741938269707      
  -1.47609739610001634960512883252263018E-0002
  0.634349864193845244844557025392566455      
  -1.52578150261696028866086844005096897E-0002
  0.603514688044180437727996461166325395      
  -1.57311296464771826552778771596779490E-0002
  0.571748935989168697283363566121590671      
  -1.61801880050849165451101804924453881E-0002
  0.539101588516051213535950001001909113      
  -1.66042976865522305421088941862132258E-0002
  0.505622985468304584991012359776316344      
  -1.70028047444903849680837332762388158E-0002
  0.471364748425250882358903945096090024      
  -1.73750947099004069374576243134458736E-0002
  0.436379701105323940629368843075643406      
  -1.77205935386397491719687419756477312E-0002
  0.400721787915724273586274097960584945      
  -1.80387684965567502591288594912091705E-0002
  0.364445990774053139245819906070931358      
  -1.83291289809280831725449385285380273E-0002
  0.327608244330180767601094111638912501      
  -1.85912272769325950474595827445215702E-0002
  0.290265349719070485024219935620425839      
  -1.88246592479951103808941409767255018E-0002
  0.252474886977545629206259203510975334      
  -1.90290649589357375489768423923641077E-0002
  0.214295126260046251892665813058972590      
  -1.92041292309638275775689725458084825E-0002
  0.175784937990274477368346759716716343      
  -1.93495821276608247085293652995081121E-0002
  0.137003702087268167210893345437043874      
  -1.94651993712026584307837075732871275E-0002
   9.80112164058697062955050604596931386E-0002
  -1.95508026881798922160875257171219605E-0002
   5.88676045327680708163810238393755132E-0002
  -1.96062600844823993556766981471470894E-0002
   1.96332230802859983795041991256086379E-0002
  -1.96314860488247136517041311565810846E-0002
  -1.96314313791414791298116829455984207E-0002
  -1.96264416845982336245080917545969375E-0002
  -5.88658155942968513258507864579138086E-0002
  -1.95911347698469736936629917838834064E-0002
  -9.80094329884852443376259839769575624E-0002
  -1.95256197452743840716206057181790655E-0002
 -0.137001926940870804955389920637078547      
  -1.94299976302997319843826927000345808E-0002
 -0.175783173852011294370306168326254998      
  -1.93044158672934791950078849940217261E-0002
 -0.214293375850090582688241866874802984      
  -1.91490680942318335877665428243629564E-0002
 -0.252473152994902753192913897991655206      
  -1.89641938461210250160739957864045654E-0002
 -0.290263634837415955947697623561657806      
  -1.87500781856516875396444697065526293E-0002
 -0.327606551193737799643415486740302530      
  -1.85070512636528522227516065902059517E-0002
 -0.364444321993515406486135092567662217      
  -1.82354878100232985777705317995180707E-0002
 -0.400720146064230409582284820678622774      
  -1.79358065559252116120438324020740478E-0002
 -0.436378088714489945149191034237554275      
  -1.76084695881310799786660095554148741E-0002
 -0.471363167981266553004613359041186868      
  -1.72539816365193855163675431597506498E-0002
 -0.505621439408099992733373408281469917      
  -1.68728892958177141818854571692111407E-0002
 -0.539100079223539133177193861320097860      
  -1.64657801827933040885780926491137484E-0002
 -0.571747465791568786747887884882664029      
  -1.60332820301905817381608739787829531E-0002
 -0.603513259208430834030091595429514842      
  -1.55760617188127690919763096665408787E-0002
 -0.634348478923107109792083874363990852      
  -1.50948242492400214875697263033290899E-0002
 -0.664205579261778891839293516768832127      
  -1.45903116547696325005472507113086352E-0002
 -0.693038522739809750300703868283943014      
  -1.40633018572544731641533570919560531E-0002
 -0.720802851048209993553071788552771783      
  -1.35146074676038797428071569565924422E-0002
 -0.747455753605126727808925998210531957      
  -1.29450745327965307492206655554132852E-0002
 -0.772956133566658101407576141793006905      
  -1.23555812313373285304203188061753364E-0002
 -0.797264671195207842803695278089678172      
  -1.17470365191697963560946738255276615E-0002
 -0.820343884487670682585856686613586552      
  -1.11203787281318959467307679416448837E-0002
 -0.842158186969964392022812236916878495      
  -1.04765741191163449849619544116727126E-0002
 -0.862673942568793458765319462994070020      
  -9.81661539216635653149258837276223552E-0003
 -0.881859517476036117300353748389839228      
  -9.14152015580412472500519293722604397E-0003
 -0.899685328925783608562506328151354495      
  -8.45232935795224129581634089333151859E-0003
 -0.916123890808821009594578100650146410      
  -7.75010568086744833993278072536911184E-0003
 -0.931149856054215410021555732831008496      
  -7.03593190256162316920789717923032413E-0003
 -0.944740055712662098248636463182130635      
  -6.31090922723656531238337567150332332E-0003
 -0.956873534681325070381625241015386036      
  -5.57615558730693421295985275430700282E-0003
 -0.967531584015086747193042492582777033      
  -4.83280391962949518213390723215758760E-0003
 -0.976697769774385294036478111197899856      
  -4.08200041859660316814536224554260269E-0003
 -0.984357958365158269494842892281084859      
  -3.32490276878752757175246957749544559E-0003
 -0.990500338331820246332055714641515910      
  -2.56267835990274166498218057480417538E-0003
 -0.995115438569671212843186734036266323      
  -1.79650248673361855472811581664604761E-0003
 -0.998196142928653540909868363420308441      
  -1.02755653694304995122132003366594032E-0003
 -0.999737701185939586017652767221643636      
  -2.57026169451298674951836028194365730E-0004
 -0.999737736370430984465103283107875467      
   5.13900513764118115751802059416002596E-0004
 -0.998196248427875800738622683934835347      
   1.28403479963556290700988612367000945E-0003
 -0.995115614220952180064756417427836547      
   2.05218919691466848457163145567428682E-0003
 -0.990500583864318377153798429941570541      
   2.81717926719777183342054880808787861E-0003
 -0.984358273400280248349503978166863227      
   3.57782545124408277810277250440816668E-0003
 -0.976698153826369797033804373847445691      
   4.33295488777053712191643905195393994E-0003
 -0.967532036491753450872537873064278072      
   5.08140322191888445030218172325385911E-0003
 -0.956874054884987750849240840340346708      
   5.82201640060648542935124431038109391E-0003
 -0.944740642841204412764708894653214397      
   6.55365245199251779961854565008696225E-0003
 -0.931150509202327702262759405678753583      
   7.27518324631578315388172147350723563E-0003
 -0.916124608969396231525822938182473669      
   7.98549623538903022886501602383061188E-0003
 -0.899686110991470206508432889730438418      
   8.68349616806762054547581912786642048E-0003
 -0.881860362240945487778658937490791694      
   9.36810677904740805478583336339207965E-0003
 -0.862674848730359341308776700661328562      
   1.00382724483878288658548664055756935E-0002
 -0.842159153130951331941026025690172031      
   1.06929598292013367356699415146082586E-0002
 -0.820344909158328466762749224332875601      
   1.13311594409994051889579508352900559E-0002
 -0.797265752795568586546882018855362748      
   1.19518872262382722206251043875943986E-0002
 -0.772957270428972444408204743096896821      
   1.25541860676643468631781511282216084E-0002
 -0.747456943976435382774387588171595313      
   1.31371272641196409815893599722031908E-0002
 -0.720804093093046682370982475506182125      
   1.36998119625316412882890974894212236E-0002
 -0.693039814543031360002504354493904262      
   1.42413725438795969883352778112722133E-0002
 -0.664206918831518486468104741938643915      
   1.47609739610001634960512883252198018E-0002
 -0.634349864193845244844557025392953375      
   1.52578150261696028866086844005035267E-0002
 -0.603514688044180437727996461166724929      
   1.57311296464771826552778771596717048E-0002
 -0.571748935989168697283363566122003013      
   1.61801880050849165451101804924390055E-0002
 -0.539101588516051213535950001002333299      
   1.66042976865522305421088941862078513E-0002
 -0.505622985468304584991012359776751507      
   1.70028047444903849680837332762338475E-0002
 -0.471364748425250882358903945096534721      
   1.73750947099004069374576243134413025E-0002
 -0.436379701105323940629368843076097011      
   1.77205935386397491719687419756436687E-0002
 -0.400721787915724273586274097961045772      
   1.80387684965567502591288594912062696E-0002
 -0.364445990774053139245819906071397819      
   1.83291289809280831725449385285351835E-0002
 -0.327608244330180767601094111639384932      
   1.85912272769325950474595827445179500E-0002
 -0.290265349719070485024219935620907225      
   1.88246592479951103808941409767189507E-0002
 -0.252474886977545629206259203511472416      
   1.90290649589357375489768423923539274E-0002
 -0.214295126260046251892665813059491267      
   1.92041292309638275775689725457982600E-0002
 -0.175784937990274477368346759717251558      
   1.93495821276608247085293652995066406E-0002
 -0.137003702087268167210893345437569870      
   1.94651993712026584307837075733073588E-0002
  -9.80112164058697062955050604601573238E-0002
   1.95508026881798922160875257171758624E-0002
  -5.88676045327680708163810238397067370E-0002
   1.96062600844823993556766981472371146E-0002
  -1.96332230802859983795041991257400164E-0002
   1.96314860488247136517041311566956112E-0002
