   3.92497249764258148209458905139824624E-0002
   3.92335798117313221596037312462637089E-0002
  -2.42105389826083404212734175828683924E-0005
  0.117507189050625270533541313294087637      
   3.89916892601752465704023243191775185E-0002
  -6.44149391503405805364700807327644739E-0005
  0.195040182229222093939205222576457756      
   3.85094019782777741592515029906039127E-0002
  -1.04222199798070082711289329830201766E-0004
  0.271370687826933726725463602897713964      
   3.77896914275085983994749594222554720E-0002
  -1.43386895926646171096464071028786957E-0004
  0.346028102894281465222510108451466390      
   3.68369948627412553374692384166012011E-0002
  -1.81667564160853135984973699121241506E-0004
  0.418552139641265357361329394873874151      
   3.56571859751012912665872815995568958E-0002
  -2.18828191451413158873239368247085620E-0004
  0.488495663264650774526284168721592580      
   3.42575386787072732328828097067177689E-0002
  -2.54639670173917413132643310726929130E-0004
  0.555427448682717763254130563199922066      
   3.26466822645714261735435709517781963E-0002
  -2.88881210653516560560213714196596429E-0004
  0.618934839181286739698689355453768428      
   3.08345481981510121013820777456216276E-0002
  -3.21341702406686214773349683161618367E-0004
  0.678626290579583688937776863439065640      
   2.88323088885612386921438264653586165E-0002
  -3.51821015707559228545934291756180176E-0004
  0.734133785230316289168035454930695795      
   2.66523088069578609960747342893401107E-0002
  -3.80131235454235551808806774425844219E-0004
  0.785115100970847754998557757909437975      
   2.43079883787675529963254873133454206E-0002
  -4.06097819727873557856349661062728094E-0004
  0.831255921036629910270500061592545691      
   2.18138011189957571751208953833385908E-0002
  -4.29560675901660779740788152692978340E-0004
  0.872271771928577558095235952085133185      
   1.91851245215003945014489554735685475E-0002
  -4.50375147665094409719288695202620725E-0004
  0.907909777286787378826297995942631450      
   1.64381652516286947416435396249154812E-0002
  -4.68412906878238653595305013883949227E-0004
  0.937950216957386656764778612802603271      
   1.35898592267360676814340629550474132E-0002
  -4.83562744757380871729314376013385534E-0004
  0.962207881640346270861623749201347369      
   1.06577672006238430175412420262490844E-0002
  -4.95731257514163840681139561277078820E-0004
  0.980533214766403716220020015736732722      
   7.65996649565254195024244531685711648E-0003
  -5.04843422221000886943115110579173941E-0004
  0.992813234563045213361859172469238050      
   4.61493955003820488327238967898277671E-0003
  -5.10843059352372113782070935090502889E-0004
  0.998972230624703507501362483166949777      
   1.54145996747475515562567313514582259E-0003
  -5.13693179150280819362641512589138856E-0004
  0.998972230692584455297476871388600975      
  -1.54152322837563072143439192145216112E-0003
  -5.13376209678411889132138994077264802E-0004
  0.992813234766269548134333571788902937      
  -4.61500242091459016699792143688640317E-0003
  -5.09894105158962440274801632789973935E-0004
  0.980533215103718492366033198007917791      
  -7.66002858888457734869466962562798215E-0003
  -5.03268333924212131660444642400004003E-0004
  0.962207882109671830617690108742014599      
  -1.06578281333861049375599532208081790E-0002
  -4.93539746057115714836114778984724396E-0004
  0.937950217555829451988416437583727688      
  -1.35899186233578145787122268376116485E-0002
  -4.80768321536957586953204037378166816E-0004
  0.907909778010657810682530264744280743      
  -1.64382227459100021655461611991537613E-0002
  -4.65032800442834135379672979886704192E-0004
  0.872271772773412724660324082460917846      
  -1.91851797589698994030831912083111453E-0002
  -4.46430197494882375163401052651205780E-0004
  0.831255921997221121806369244248398423      
  -2.18138537590960917342219898989835074E-0002
  -4.25075203926269636219524269317239162E-0004
  0.785115102041272647257097288087298862      
  -2.43080380969549940406852898685162642E-0002
  -4.01099480373602381566939388922358244E-0004
  0.734133786403975336736074291941261381      
  -2.66523552967032499766377356339403436E-0002
  -3.74650845145319924049354182432534503E-0004
  0.678626291849240893505820724706714072      
  -2.88323518632398358767508381342197083E-0002
  -3.45892362872668322427497667982754354E-0004
  0.618934840539114242396712358546924057      
  -3.08345873928096334076168332605066963E-0002
  -3.15001339162024257076866308822922868E-0004
  0.555427450120344106004536153322192206      
  -3.26467174375619676544751223642299280E-0002
  -2.82168227446871620624140741720069171E-0004
  0.488495664773212512866745799152825483      
  -3.42575696131765519940471043698267713E-0002
  -2.47595454779051896446022080357163438E-0004
  0.418552141211461706527295142346154050      
  -3.56572124803280174495323495885867950E-0002
  -2.11496173798675730478847562144556159E-0004
  0.346028104516431642578100916093405839      
  -3.68370167753118922929971351430229472E-0002
  -1.74092948577216203616768346762186946E-0004
  0.271370689491036637007610369840033626      
  -3.77897086123248614815992409803241431E-0002
  -1.35616382435998136190614848420851595E-0004
  0.195040183925017989335647277363856197      
  -3.85094143293895565747781403230592616E-0002
  -9.63036962000387346206018765973211757E-0005
  0.117507190767659005439801353920059967      
  -3.89916967014338370192954385903850207E-0002
  -5.63972656527774312297147287349077813E-0005
   3.92497267041113052896702994078432358E-0002
  -3.92335822972588869621663880364210414E-0002
  -1.61431272087728534098521916602360214E-0005
  -3.92497249764258148209458905137047674E-0002
  -3.92335798117313221596037312459904134E-0002
   2.42105389826083404212734175469050037E-0005
 -0.117507189050625270533541313293519716      
  -3.89916892601752465704023243191670161E-0002
   6.44149391503405805364700807012181787E-0005
 -0.195040182229222093939205222575968498      
  -3.85094019782777741592515029906502434E-0002
   1.04222199798070082711289329843985542E-0004
 -0.271370687826933726725463602897243411      
  -3.77896914275085983994749594222385178E-0002
   1.43386895926646171096464071027775467E-0004
 -0.346028102894281465222510108450986111      
  -3.68369948627412553374692384166129432E-0002
   1.81667564160853135984973699118001632E-0004
 -0.418552139641265357361329394873421509      
  -3.56571859751012912665872815995667361E-0002
   2.18828191451413158873239368249148519E-0004
 -0.488495663264650774526284168721154287      
  -3.42575386787072732328828097067257735E-0002
   2.54639670173917413132643310725513365E-0004
 -0.555427448682717763254130563199505584      
  -3.26466822645714261735435709517901792E-0002
   2.88881210653516560560213714197121828E-0004
 -0.618934839181286739698689355453372842      
  -3.08345481981510121013820777456312271E-0002
   3.21341702406686214773349683161170927E-0004
 -0.678626290579583688937776863438694225      
  -2.88323088885612386921438264653738133E-0002
   3.51821015707559228545934291755457153E-0004
 -0.734133785230316289168035454930357602      
  -2.66523088069578609960747342893571522E-0002
   3.80131235454235551808806774425988334E-0004
 -0.785115100970847754998557757909130982      
  -2.43079883787675529963254873133587486E-0002
   4.06097819727873557856349661063335966E-0004
 -0.831255921036629910270500061592265372      
  -2.18138011189957571751208953833537153E-0002
   4.29560675901660779740788152691870977E-0004
 -0.872271771928577558095235952084887244      
  -1.91851245215003945014489554735863684E-0002
   4.50375147665094409719288695202886011E-0004
 -0.907909777286787378826297995942420560      
  -1.64381652516286947416435396249334014E-0002
   4.68412906878238653595305013883670588E-0004
 -0.937950216957386656764778612802428974      
  -1.35898592267360676814340629550655290E-0002
   4.83562744757380871729314376013622138E-0004
 -0.962207881640346270861623749201208895      
  -1.06577672006238430175412420262676124E-0002
   4.95731257514163840681139561276668901E-0004
 -0.980533214766403716220020015736634210      
  -7.65996649565254195024244531687889830E-0003
   5.04843422221000886943115110578729604E-0004
 -0.992813234563045213361859172469182872      
  -4.61493955003820488327238967900272889E-0003
   5.10843059352372113782070935091343415E-0004
 -0.998972230624703507501362483166932058      
  -1.54145996747475515562567313516403805E-0003
   5.13693179150280819362641512589123810E-0004
 -0.998972230692584455297476871388620041      
   1.54152322837563072143439192143307768E-0003
   5.13376209678411889132138994076753509E-0004
 -0.992813234766269548134333571788962352      
   4.61500242091459016699792143686623883E-0003
   5.09894105158962440274801632790180163E-0004
 -0.980533215103718492366033198008017169      
   7.66002858888457734869466962560796677E-0003
   5.03268333924212131660444642400162083E-0004
 -0.962207882109671830617690108742152303      
   1.06578281333861049375599532207897834E-0002
   4.93539746057115714836114778985004633E-0004
 -0.937950217555829451988416437583900155      
   1.35899186233578145787122268375949290E-0002
   4.80768321536957586953204037378174715E-0004
 -0.907909778010657810682530264744485951      
   1.64382227459100021655461611991370388E-0002
   4.65032800442834135379672979885973552E-0004
 -0.872271772773412724660324082461161572      
   1.91851797589698994030831912082902670E-0002
   4.46430197494882375163401052651644146E-0004
 -0.831255921997221121806369244248678261      
   2.18138537590960917342219898989687078E-0002
   4.25075203926269636219524269317872048E-0004
 -0.785115102041272647257097288087607107      
   2.43080380969549940406852898685018438E-0002
   4.01099480373602381566939388922047114E-0004
 -0.734133786403975336736074291941600055      
   2.66523552967032499766377356339241025E-0002
   3.74650845145319924049354182432348916E-0004
 -0.678626291849240893505820724707085681      
   2.88323518632398358767508381342037592E-0002
   3.45892362872668322427497667983512031E-0004
 -0.618934840539114242396712358547322050      
   3.08345873928096334076168332604958690E-0002
   3.15001339162024257076866308823052078E-0004
 -0.555427450120344106004536153322611193      
   3.26467174375619676544751223642199673E-0002
   2.82168227446871620624140741720385567E-0004
 -0.488495664773212512866745799153263488      
   3.42575696131765519940471043698173944E-0002
   2.47595454779051896446022080357015796E-0004
 -0.418552141211461706527295142346611651      
   3.56572124803280174495323495885765094E-0002
   2.11496173798675730478847562144655464E-0004
 -0.346028104516431642578100916093880292      
   3.68370167753118922929971351430182829E-0002
   1.74092948577216203616768346764199956E-0004
 -0.271370689491036637007610369840509187      
   3.77897086123248614815992409803244741E-0002
   1.35616382435998136190614848418185833E-0004
 -0.195040183925017989335647277364356818      
   3.85094143293895565747781403230302222E-0002
   9.63036962000387346206018765937777890E-0005
 -0.117507190767659005439801353920599745      
   3.89916967014338370192954385904000790E-0002
   5.63972656527774312297147287643235400E-0005
  -3.92497267041113052896702994081375179E-0002
   3.92335822972588869621663880366629864E-0002
   1.61431272087728534098521916918590470E-0005
