   1.96324309173844808574575628799674545E-0002
   1.96304124278127089738201304950070907E-0002
  -2.52306961220483164542548464093583216E-0006
  -5.04516516812123745432703438479364199E-0007
   5.88670209666664330339156474356800596E-0002
   1.96001437546890855894099855518598144E-0002
  -7.56531050635947259822147003124694141E-0006
  -5.03683004674354665328900307693342795E-0007
   9.80108423363845792632743864684746109E-0002
   1.95396530805424902244317600668466980E-0002
  -1.25958862400579511967299589858528017E-0005
  -5.02072849851050169009544633051499923E-0007
  0.137003538091187583897643416467018649      
   1.94490336776080054051737928909697578E-0002
  -1.76070400301423071213090502077462599E-0005
  -4.99688535084241442341143067529564157E-0007
  0.175784984320468507360509001801527053      
   1.93284252744367307587074421491440078E-0002
  -2.25910450406839024747330279946752646E-0005
  -4.96533736814480322673983474143315398E-0007
  0.214295382845077094075443019137401379      
   1.91780138404444849446750888913130043E-0002
  -2.75402162972043715017260074476619399E-0005
  -4.92613319512034441635790975854126143E-0007
  0.252475353421777763675029436183822617      
   1.89980312991604457950630064690056313E-0002
  -3.24469225363492481672946114450793606E-0005
  -4.87933328176226656282145072492977493E-0007
  0.290266025303280714379994934169748148      
   1.87887551706178784747103981630969465E-0002
  -3.73035979727429337416114978654712028E-0005
  -4.82500979014484243542100590515717524E-0007
  0.327609128012667206990571281581101486      
   1.85505081434383592396940188717431339E-0002
  -4.21027539648813669100952341614191371E-0005
  -4.76324648315470088505186161864132680E-0007
  0.364447081192241445163767332633526425      
   1.82836575772693099045987794203295231E-0002
  -4.68369905620744354721448635133921098E-0005
  -4.69413859533452691765902155916912659E-0007
  0.400723083388268634751857091785920903      
   1.79886149363420482764788900295294747E-0002
  -5.14990079146335813687710853356735700E-0005
  -4.61779268603829961130856707188140724E-0007
  0.436381199634699591360769579092793857      
   1.76658351550237669852088691876698739E-0002
  -5.60816175297109167790666974187101618E-0005
  -4.53432647512449185649659997088328797E-0007
  0.471366447700834140978519648906126905      
   1.73158159363417135731581132685847061E-0002
  -6.05777533554341632079891508729798804E-0005
  -4.44386866144058109650176232770974220E-0007
  0.505624882869935668065256862889980385      
   1.69390969845611967145090791339559219E-0002
  -6.49804826762464808835084548235568736E-0005
  -4.34655872437875479571460128551204890E-0007
  0.539103681118074332348338818396623379      
   1.65362591730007276547731898228458130E-0002
  -6.92830168026513641561741027074702814E-0005
  -4.24254670880879735458222105592618813E-0007
  0.571751220564943207004953032749433594      
   1.61079236483674656044429506555508744E-0002
  -7.34787215388797910805608822607250748E-0005
  -4.13199299371977637117006447284447503E-0007
  0.603517161071056083420130724670961924      
   1.56547508729940169109213322807164950E-0002
  -7.75611274123392431455888619202426001E-0005
  -4.01506804492726599994039978646326593E-0007
  0.634352521858593832825199683007752766      
   1.51774396064533894443437089634439187E-0002
  -8.15239396490715262105487984850498223E-0005
  -3.89195215222741494519027364304281917E-0007
  0.664209757036213605798203632303278365      
   1.46767258281223781236088567196918570E-0002
  -8.53610478798379597225556857844708989E-0005
  -3.76283515140314846484985651187565148E-0007
  0.693042828911367087988028244518247323      
   1.41533816023547107479742217120351649E-0002
  -8.90665355618658543647453785055448348E-0005
  -3.62791613151115067175889961825776925E-0007
  0.720807278977085531094734412524979981      
   1.36082138880137748894519373721483446E-0002
  -9.26346891017286279684880865790994561E-0005
  -3.48740312790096938944999165574183251E-0007
  0.747460296463775081813143782475244116      
   1.30420632942005400943483004592990991E-0002
  -9.60600066652927397904234033042208474E-0005
  -3.34151280143958585233185772796425291E-0007
  0.772960784350320509075687926251689402      
   1.24558027840952527512726783384755334E-0002
  -9.93372066611471435393535075637768807E-0005
  -3.19047010443606171352803636537542749E-0007
  0.797269422732712992227354270983058357      
   1.18503363289114857847013460462774877E-0002
  -1.02461235884434425827659759293124694E-0004
  -3.03450793378138334042022694061958245E-0007
  0.820348729452492139133127870462914124      
   1.12265975140380484661120927496911011E-0002
  -1.05427277308526432708406434326914556E-0004
  -2.87386677183833661706698575660070371E-0007
  0.842163117891517571063145629274329110      
   1.05855480995179844889111142786984068E-0002
  -1.08230757512530185233926543224149362E-0004
  -2.70879431563513403773133494839744836E-0007
  0.862678951843954725620278240287298075      
   9.92817653708429535355707546339910289E-0003
  -1.10867353733171408270466357157699243E-0004
  -2.53954509493455064195702298336386080E-0007
  0.881864597380866252802894229638820045      
   9.25549644603901249002753914521817008E-0003
  -1.13333000530182179298170732229670453E-0004
  -2.36638007976747850068029751787229040E-0007
  0.899690471627437563490651143159037786      
   8.56854505032570211792638613945992598E-0003
  -1.15623896054915152558893718706777511E-0004
  -2.18956627803605456582417976834517347E-0007
  0.916129088377625584001382039945046283      
   7.86838157920532375849330361480514882E-0003
  -1.17736507912518609776421096823578800E-0004
  -2.00937632380682869392406099722968320E-0007
  0.931155100475896234555245132605153908      
   7.15608563400148430336363425162788731E-0003
  -1.19667578608633288419817871182244224E-0004
  -1.82608805692879393758573331448329667E-0007
  0.944745338900701064343955754995287923      
   6.43275552343344807763910021435407477E-0003
  -1.21414130572212575785179967933073396E-0004
  -1.63998409462447763217344324475097591E-0007
  0.956878848489429155060720017385332699      
   5.69950657010369873828182506995204528E-0003
  -1.22973470746721244217786081896098030E-0004
  -1.45135139571466876357515786988034828E-0007
  0.967536920249749006451794576636901987      
   4.95746939075132643915421852423535093E-0003
  -1.24343194742633431801659720275679031E-0004
  -1.26048081814871550182210908476307963E-0007
  0.976703120207518656674929863905737336      
   4.20778815292296488997520506785123794E-0003
  -1.25521190544827017609375746488268706E-0004
  -1.06766667052264911092199238128295718E-0007
  0.984363314746782650997339886633239891      
   3.45161881074936536523677778296983067E-0003
  -1.26505641769157858102780951160794647E-0004
  -8.73206258276660781222026879914013656E-0008
  0.990505692402783420187084954714070280      
   2.69012732254791231249437535480407515E-0003
  -1.27295030463192483253307972891813346E-0004
  -6.77399425271661982763359121274735743E-0008
  0.995120782074383824641362374388431295      
   1.92448785299940829021631570039704127E-0003
  -1.27888139446780725565620354650107610E-0004
  -4.80548091451784056368207079613590795E-0008
  0.998201467627818628751378069836273043      
   1.15588096267124132399207697891981563E-0003
  -1.28284054188859288658722588704228295E-0004
  -2.82955787305707957199784245903303858E-0008
  0.999742998869256979231350480865167368      
   3.85491787678558731057609602848656065E-0004
  -1.28482164217592360335219342371646544E-0004
  -8.49271858446510374145004458145829689E-0009
  0.999742998869256991377256735109005762      
  -3.85491787709722057689832318155769453E-0004
  -1.28482164061674935522401581206981371E-0004
   1.13232367181333110624622389495835645E-0008
  0.998201467627818665170368725476572643      
  -1.15588096270235659903339577919983454E-0003
  -1.28284053721347427588210283496496026E-0004
   3.11217324104369335533390728540617956E-0008
  0.995120782074383885277281987535318304      
  -1.92448785303042753616789699568857678E-0003
  -1.27888138668395297641248583874141831E-0004
   5.08722406471118253640237049177309381E-0008
  0.990505692402783504946437332303183767      
  -2.69012732257878769992728160309720726E-0003
  -1.27295029375133702386434858113429726E-0004
   7.05443075760024274625006137979092748E-0008
  0.984363314746782759749432250778765186      
  -3.45161881078004928654148016575050014E-0003
  -1.26505640373103432069429582530941873E-0004
   9.01076002957642447873926944100108952E-0008
  0.976703120207518789252074370691035667      
  -4.20778815295341003276906671516960790E-0003
  -1.25521188842929561146446240430953040E-0004
   1.09531953626999146912480889172382907E-0007
  0.967536920249749162649566878615630426      
  -4.95746939078148585923375927079903707E-0003
  -1.24343192737517147431029548072032828E-0004
   1.28787416624775584146132713684741311E-0007
  0.956878848489429334638274471108257031      
  -5.69950657013352593200728063789119938E-0003
  -1.22973468441477875916227327672858077E-0004
   1.47844298760814784187131149837087554E-0007
  0.944745338900701267024396787535523005      
  -6.43275552346289705363966407867678725E-0003
  -1.21414127970396641739241219766904077E-0004
   1.66673215704133345573289121372191558E-0007
  0.931155100475896460026054194461929565      
  -7.15608563403050965345281790268388302E-0003
  -1.19667575714256600216417180731815291E-0004
   1.85245134629551795290920079979650328E-0007
  0.916129088377625831914899485995263118      
  -7.86838157923388072768506887276920671E-0003
  -1.17736504730044086480160856087481963E-0004
   2.03531418984206674375541221497051720E-0007
  0.899690471627437833464612298631048087      
  -8.56854505035374667344408971898448784E-0003
  -1.15623892589249939214341869673937810E-0004
   2.21503872643039434609335616173215031E-0007
  0.881864597380866544421018814533968194      
  -9.25549644606650138919928268004145387E-0003
  -1.13332996786670080467879011125067403E-0004
   2.39134783385177582890343916404987410E-0007
  0.862678951843955038432912243398965844      
  -9.92817653711118621049277128235307317E-0003
  -1.10867349717584648275661520699514903E-0004
   2.56396965624170644779735124611315887E-0007
  0.842163117891517904587954642081718818      
  -1.05855480995442358398584557301894411E-0002
  -1.08230753231060507802986201750316473E-0004
   2.73263802326194020520651294666501288E-0007
  0.820348729452492492855840811828660046      
  -1.12265975140636198333906549058691295E-0002
  -1.05427272767775553756816431321523771E-0004
   2.89709286051585901474668827649640333E-0007
  0.797269422732713365602556355885263233      
  -1.18503363289363377391162350375357088E-0002
  -1.02461231091403854090574407058469043E-0004
   3.05708059056434171800668048183034741E-0007
  0.772960784350320901527661655849905987      
  -1.24558027841193469729114919946557456E-0002
  -9.93372016232273847526054556047016292E-0005
   3.21235452392379554994722100854693018E-0007
  0.747460296463775492736756658764926419      
  -1.30420632942238394316676557512046085E-0002
  -9.60600013902519010663535258572155443E-0005
   3.36267523944345942849306265457972163E-0007
  0.720807278977085959856372008788531898      
  -1.36082138880362434165624575106394341E-0002
  -9.26346835977004399378218881740433638E-0005
   3.50781095347546483694264359990277446E-0007
  0.693042828911367533926571192845618286      
  -1.41533816023763138200356536065917442E-0002
  -8.90665298373371295535049715792341017E-0005
   3.64753787726842082329442903595767014E-0007
  0.664209757036214068226047021738540822      
  -1.46767258281430824302499035405661500E-0002
  -8.53610419436355065022811074257714534E-0005
   3.78164056203344811282475813172681491E-0007
  0.634352521858594311029313296483049648      
  -1.51774396064731630610242082975212909E-0002
  -8.15239335103485384995689287400993832E-0005
   3.90991223115059552020066983553370883E-0007
  0.603517161071056576663158479919901059      
  -1.56547508730128293481575831250551625E-0002
  -7.75611210805611868474360902843760341E-0005
   4.03215509900340044582162271974610304E-0007
  0.571751220564943714526349931941271821      
  -1.61079236483852878548202873625797830E-0002
  -7.34787150238098090216185152199877779E-0005
   4.14818067594997367369468359465628138E-0007
  0.539103681118074853365543653397446229      
  -1.65362591730175322376733130153681322E-0002
  -6.92830101143352220270847889294703452E-0005
   4.25781005896036516283003939373048206E-0007
  0.505624882869936201774898867924576934      
  -1.69390969845769577184831772878295938E-0002
  -6.49804758249970773966108363991700633E-0005
   4.36087420747206907992299442804744754E-0007
  0.471366447700834686557657240049213069      
  -1.73158159363564066958804386808869945E-0002
  -6.05777463518156283549972467928465134E-0005
   4.45721420403831887896791407490655419E-0007
  0.436381199634700147968159270543571024      
  -1.76658351550373695709491628118256129E-0002
  -5.60816103845223227083260968288364385E-0005
   4.54668149936727164895664136690576458E-0007
  0.400723083388269201529250632348559118      
  -1.79886149363545393510358754148136188E-0002
  -5.14990006388922909987385619104893793E-0005
   4.62913814137424906819161039348712734E-0007
  0.364447081192242021237235062313443234      
  -1.82836575772806702076408608396221802E-0002
  -4.68369831669991145163225091481761576E-0005
   4.70445698789385301169971152607952671E-0007
  0.327609128012667791471849667777002413      
  -1.85505081434485712544573166255073763E-0002
  -4.21027464618746855076453503870538206E-0005
   4.77252190272396914716196767571768837E-0007
  0.290266025303281306367856209658261450      
  -1.87887551706269264550083288414684875E-0002
  -3.73035903733739843664840260238005945E-0005
   4.83322793469937287536693398095185440E-0007
  0.252475353421778362256671227014275515      
  -1.89980312991683157895657613570828705E-0002
  -3.24469148523357069261768518032103198E-0005
   4.88648147951881909434151688974718895E-0007
  0.214295382845077698327895819731192734      
  -1.91780138404511648184215733216050754E-0002
  -2.75402085403944303268002138159924250E-0005
   4.93220042407609014420436966311498725E-0007
  0.175784984320469116352059327031586004      
  -1.93284252744422102118165059500168293E-0002
  -2.25910372230380000704910648695515409E-0005
   4.97031427307245391813393992263768987E-0007
  0.137003538091188196689270436319934282      
  -1.94490336776122759887259005699899222E-0002
  -1.76070321637146868349799568810756136E-0005
   5.00076425771530490609808469777129594E-0007
   9.80108423363851949100978281027894658E-0002
  -1.95396530805455453534966123444614345E-0002
  -1.25958783369780742487475089812324122E-0005
   5.02350342633538274549048944287362665E-0007
   5.88670209666670505866527320762565885E-0002
  -1.96001437546909205532000045979732979E-0002
  -7.56530257881331533218314916741877021E-0006
   5.03849671678284309573583052752638562E-0007
   1.96324309173850993638867310577555012E-0002
  -1.96304124278133209429541529283404954E-0002
  -2.52306167241609563582784826613430191E-0006
   5.04572101049055134294693239590427460E-0007
  -1.96324309173844808574575628795900234E-0002
  -1.96304124278127089738201304946881507E-0002
   2.52306961220483164542548454903929552E-0006
   5.04516516812123745432703430529692156E-0007
  -5.88670209666664330339156474351544312E-0002
  -1.96001437546890855894099855519431770E-0002
   7.56531050635947259822147003619059311E-0006
   5.03683004674354665328900320184447079E-0007
  -9.80108423363845792632743864679820904E-0002
  -1.95396530805424902244317600668094372E-0002
   1.25958862400579511967299589817971889E-0005
   5.02072849851050169009544627093750262E-0007
 -0.137003538091187583897643416466517546      
  -1.94490336776080054051737928909878525E-0002
   1.76070400301423071213090502122468605E-0005
   4.99688535084241442341143069795150807E-0007
 -0.175784984320468507360509001801031150      
  -1.93284252744367307587074421491406856E-0002
   2.25910450406839024747330279905781819E-0005
   4.96533736814480322673983473823849095E-0007
 -0.214295382845077094075443019136912241      
  -1.91780138404444849446750888913161791E-0002
   2.75402162972043715017260074501517251E-0005
   4.92613319512034441635790975518432140E-0007
 -0.252475353421777763675029436183335742      
  -1.89980312991604457950630064690083005E-0002
   3.24469225363492481672946114439492932E-0005
   4.87933328176226656282145072717475609E-0007
 -0.290266025303280714379994934169267725      
  -1.87887551706178784747103981630991041E-0002
   3.73035979727429337416114978661054526E-0005
   4.82500979014484243542100590350572047E-0007
 -0.327609128012667206990571281580624433      
  -1.85505081434383592396940188717452705E-0002
   4.21027539648813669100952341610687987E-0005
   4.76324648315470088505186162004910894E-0007
 -0.364447081192241445163767332633055102      
  -1.82836575772693099045987794203338594E-0002
   4.68369905620744354721448635124363800E-0005
   4.69413859533452691765902156001917614E-0007
 -0.400723083388268634751857091785461087      
  -1.79886149363420482764788900295354391E-0002
   5.14990079146335813687710853360230445E-0005
   4.61779268603829961130856707208569668E-0007
 -0.436381199634699591360769579092342804      
  -1.76658351550237669852088691876713304E-0002
   5.60816175297109167790666974202657111E-0005
   4.53432647512449185649659996739580332E-0007
 -0.471366447700834140978519648905679511      
  -1.73158159363417135731581132685911730E-0002
   6.05777533554341632079891508699652781E-0005
   4.44386866144058109650176233091407598E-0007
 -0.505624882869935668065256862889551673      
  -1.69390969845611967145090791339634030E-0002
   6.49804826762464808835084548261380828E-0005
   4.34655872437875479571460128617835262E-0007
 -0.539103681118074332348338818396198808      
  -1.65362591730007276547731898228455421E-0002
   6.92830168026513641561741027062694904E-0005
   4.24254670880879735458222105454315933E-0007
 -0.571751220564943207004953032749013838      
  -1.61079236483674656044429506555539408E-0002
   7.34787215388797910805608822615360366E-0005
   4.13199299371977637117006446858828274E-0007
 -0.603517161071056083420130724670553242      
  -1.56547508729940169109213322807272471E-0002
   7.75611274123392431455888619182519592E-0005
   4.01506804492726599994039979171025992E-0007
 -0.634352521858593832825199683007367869      
  -1.51774396064533894443437089634550320E-0002
   8.15239396490715262105487984851647739E-0005
   3.89195215222741494519027364273502929E-0007
 -0.664209757036213605798203632302912823      
  -1.46767258281223781236088567196973835E-0002
   8.53610478798379597225556857878058116E-0005
   3.76283515140314846484985651167709855E-0007
 -0.693042828911367087988028244517880337      
  -1.41533816023547107479742217120339145E-0002
   8.90665355618658543647453785022972261E-0005
   3.62791613151115067175889961336254470E-0007
 -0.720807278977085531094734412524629077      
  -1.36082138880137748894519373721618953E-0002
   9.26346891017286279684880865800351966E-0005
   3.48740312790096938944999166169569762E-0007
 -0.747460296463775081813143782474908619      
  -1.30420632942005400943483004593023235E-0002
   9.60600066652927397904234033040236700E-0005
   3.34151280143958585233185772303921443E-0007
 -0.772960784350320509075687926251367290      
  -1.24558027840952527512726783384855633E-0002
   9.93372066611471435393535075638763628E-0005
   3.19047010443606171352803637066254670E-0007
 -0.797269422732712992227354270982750497      
  -1.18503363289114857847013460462818933E-0002
   1.02461235884434425827659759292828622E-0004
   3.03450793378138334042022693731478110E-0007
 -0.820348729452492139133127870462619264      
  -1.12265975140380484661120927497002297E-0002
   1.05427277308526432708406434326145536E-0004
   2.87386677183833661706698575596953855E-0007
 -0.842163117891517571063145629274056399      
  -1.05855480995179844889111142787091363E-0002
   1.08230757512530185233926543225895406E-0004
   2.70879431563513403773133494725852934E-0007
 -0.862678951843954725620278240287041637      
  -9.92817653708429535355707546340734677E-0003
   1.10867353733171408270466357156861774E-0004
   2.53954509493455064195702298848334073E-0007
 -0.881864597380866252802894229638576704      
  -9.25549644603901249002753914522248838E-0003
   1.13333000530182179298170732229164309E-0004
   2.36638007976747850068029750986250633E-0007
 -0.899690471627437563490651143158815341      
  -8.56854505032570211792638613947637613E-0003
   1.15623896054915152558893718706387176E-0004
   2.18956627803605456582417977805759751E-0007
 -0.916129088377625584001382039944842616      
  -7.86838157920532375849330361480427764E-0003
   1.17736507912518609776421096825957460E-0004
   2.00937632380682869392406098471532902E-0007
 -0.931155100475896234555245132604953708      
  -7.15608563400148430336363425163727095E-0003
   1.19667578608633288419817871178908970E-0004
   1.82608805692879393758573331728698615E-0007
 -0.944745338900701064343955754995117093      
  -6.43275552343344807763910021436892775E-0003
   1.21414130572212575785179967935677092E-0004
   1.63998409462447763217344324962439939E-0007
 -0.956878848489429155060720017385179684      
  -5.69950657010369873828182506995905235E-0003
   1.22973470746721244217786081894583829E-0004
   1.45135139571466876357515786598185181E-0007
 -0.967536920249749006451794576636774009      
  -4.95746939075132643915421852425198841E-0003
   1.24343194742633431801659720275912155E-0004
   1.26048081814871550182210909354619732E-0007
 -0.976703120207518656674929863905632180      
  -4.20778815292296488997520506785798998E-0003
   1.25521190544827017609375746488191147E-0004
   1.06766667052264911092199237684770496E-0007
 -0.984363314746782650997339886633149372      
  -3.45161881074936536523677778297676627E-0003
   1.26505641769157858102780951160906013E-0004
   8.73206258276660781222026874848577073E-0008
 -0.990505692402783420187084954713999502      
  -2.69012732254791231249437535481625779E-0003
   1.27295030463192483253307972892779508E-0004
   6.77399425271661982763359124971107691E-0008
 -0.995120782074383824641362374388378428      
  -1.92448785299940829021631570040527462E-0003
   1.27888139446780725565620354648105367E-0004
   4.80548091451784056368207076389458607E-0008
 -0.998201467627818628751378069836248391      
  -1.15588096267124132399207697893729420E-0003
   1.28284054188859288658722588705648527E-0004
   2.82955787305707957199784252135974591E-0008
 -0.999742998869256979231350480865162938      
  -3.85491787678558731057609602851154508E-0004
   1.28482164217592360335219342373182939E-0004
   8.49271858446510374145004395632199387E-0009
 -0.999742998869256991377256735109009422      
   3.85491787709722057689832318146134255E-0004
   1.28482164061674935522401581204360489E-0004
  -1.13232367181333110624622385151805972E-0008
 -0.998201467627818665170368725476602014      
   1.15588096270235659903339577918700773E-0003
   1.28284053721347427588210283496710248E-0004
  -3.11217324104369335533390731415393969E-0008
 -0.995120782074383885277281987535374637      
   1.92448785303042753616789699567548478E-0003
   1.27888138668395297641248583876047307E-0004
  -5.08722406471118253640237044785671727E-0008
 -0.990505692402783504946437332303254545      
   2.69012732257878769992728160309355288E-0003
   1.27295029375133702386434858112339596E-0004
  -7.05443075760024274625006145641700758E-0008
 -0.984363314746782759749432250778853875      
   3.45161881078004928654148016573791689E-0003
   1.26505640373103432069429582531135030E-0004
  -9.01076002957642447873926938404018272E-0008
 -0.976703120207518789252074370691145831      
   4.20778815295341003276906671515962015E-0003
   1.25521188842929561146446240431076138E-0004
  -1.09531953626999146912480888875628199E-0007
 -0.967536920249749162649566878615756382      
   4.95746939078148585923375927079354667E-0003
   1.24343192737517147431029548072159076E-0004
  -1.28787416624775584146132713979801872E-0007
 -0.956878848489429334638274471108396565      
   5.69950657013352593200728063788194889E-0003
   1.22973468441477875916227327671947351E-0004
  -1.47844298760814784187131149731547837E-0007
 -0.944745338900701267024396787535684494      
   6.43275552346289705363966407866558150E-0003
   1.21414127970396641739241219767405308E-0004
  -1.66673215704133345573289121534491398E-0007
 -0.931155100475896460026054194462113009      
   7.15608563403050965345281790267315123E-0003
   1.19667575714256600216417180732470829E-0004
  -1.85245134629551795290920079807625775E-0007
 -0.916129088377625831914899485995463993      
   7.86838157923388072768506887276091167E-0003
   1.17736504730044086480160856086519316E-0004
  -2.03531418984206674375541221682619322E-0007
 -0.899690471627437833464612298631267258      
   8.56854505035374667344408971897731676E-0003
   1.15623892589249939214341869675353376E-0004
  -2.21503872643039434609335616533987242E-0007
 -0.881864597380866544421018814534202291      
   9.25549644606650138919928268003102977E-0003
   1.13332996786670080467879011123464676E-0004
  -2.39134783385177582890343916052366839E-0007
 -0.862678951843955038432912243399221319      
   9.92817653711118621049277128234463670E-0003
   1.10867349717584648275661520700797120E-0004
  -2.56396965624170644779735124588024064E-0007
 -0.842163117891517904587954642081988737      
   1.05855480995442358398584557301822429E-0002
   1.08230753231060507802986201750575035E-0004
  -2.73263802326194020520651294506784621E-0007
 -0.820348729452492492855840811828942580      
   1.12265975140636198333906549058628176E-0002
   1.05427272767775553756816431321051692E-0004
  -2.89709286051585901474668827805394575E-0007
 -0.797269422732713365602556355885563100      
   1.18503363289363377391162350375242014E-0002
   1.02461231091403854090574407057431846E-0004
  -3.05708059056434171800668047788583101E-0007
 -0.772960784350320901527661655850226173      
   1.24558027841193469729114919946492035E-0002
   9.93372016232273847526054556059254364E-0005
  -3.21235452392379554994722101353731972E-0007
 -0.747460296463775492736756658765263746      
   1.30420632942238394316676557511913181E-0002
   9.60600013902519010663535258560909019E-0005
  -3.36267523944345942849306264697488343E-0007
 -0.720807278977085959856372008788886173      
   1.36082138880362434165624575106386803E-0002
   9.26346835977004399378218881757906421E-0005
  -3.50781095347546483694264360864654225E-0007
 -0.693042828911367533926571192845977953      
   1.41533816023763138200356536065848439E-0002
   8.90665298373371295535049715781713843E-0005
  -3.64753787726842082329442903366836918E-0007
 -0.664209757036214068226047021738914068      
   1.46767258281430824302499035405621416E-0002
   8.53610419436355065022811074272381177E-0005
  -3.78164056203344811282475813622877644E-0007
 -0.634352521858594311029313296483433486      
   1.51774396064731630610242082975106336E-0002
   8.15239335103485384995689287380176415E-0005
  -3.90991223115059552020066982584620045E-0007
 -0.603517161071056576663158479920301749      
   1.56547508730128293481575831250522826E-0002
   7.75611210805611868474360902862513707E-0005
  -4.03215509900340044582162272502306754E-0007
 -0.571751220564943714526349931941677230      
   1.61079236483852878548202873625755610E-0002
   7.34787150238098090216185152189486056E-0005
  -4.14818067594997367369468359480186406E-0007
 -0.539103681118074853365543653397862615      
   1.65362591730175322376733130153624206E-0002
   6.92830101143352220270847889297995424E-0005
  -4.25781005896036516283003939414969870E-0007
 -0.505624882869936201774898867925003816      
   1.69390969845769577184831772878240357E-0002
   6.49804758249970773966108363983895938E-0005
  -4.36087420747206907992299443011276862E-0007
 -0.471366447700834686557657240049655744      
   1.73158159363564066958804386808787461E-0002
   6.05777463518156283549972467943465441E-0005
  -4.45721420403831887896791407298379073E-0007
 -0.436381199634700147968159270544021114      
   1.76658351550373695709491628118247613E-0002
   5.60816103845223227083260968284488956E-0005
  -4.54668149936727164895664137056870462E-0007
 -0.400723083388269201529250632349019030      
   1.79886149363545393510358754148046903E-0002
   5.14990006388922909987385619104116967E-0005
  -4.62913814137424906819161038773017360E-0007
 -0.364447081192242021237235062313913643      
   1.82836575772806702076408608396209734E-0002
   4.68369831669991145163225091484195143E-0005
  -4.70445698789385301169971153130825691E-0007
 -0.327609128012667791471849667777479611      
   1.85505081434485712544573166255015654E-0002
   4.21027464618746855076453503869340142E-0005
  -4.77252190272396914716196767194273704E-0007
 -0.290266025303281306367856209658746111      
   1.87887551706269264550083288414674523E-0002
   3.73035903733739843664840260243625807E-0005
  -4.83322793469937287536693398384529517E-0007
 -0.252475353421778362256671227014762534      
   1.89980312991683157895657613570807881E-0002
   3.24469148523357069261768518027933308E-0005
  -4.88648147951881909434151688913211612E-0007
 -0.214295382845077698327895819731684568      
   1.91780138404511648184215733216030261E-0002
   2.75402085403944303268002138163045658E-0005
  -4.93220042407609014420436966397532239E-0007
 -0.175784984320469116352059327032081329      
   1.93284252744422102118165059500150929E-0002
   2.25910372230380000704910648694491348E-0005
  -4.97031427307245391813393992363167962E-0007
 -0.137003538091188196689270436320435818      
   1.94490336776122759887259005699854444E-0002
   1.76070321637146868349799568815198211E-0005
  -5.00076425771530490609808468876104633E-0007
  -9.80108423363851949100978281032823354E-0002
   1.95396530805455453534966123444750996E-0002
   1.25958783369780742487475089805112200E-0005
  -5.02350342633538274549048947568850562E-0007
  -5.88670209666670505866527320767807484E-0002
   1.96001437546909205532000045979234374E-0002
   7.56530257881331533218314916599276626E-0006
  -5.03849671678284309573583042357018997E-0007
  -1.96324309173850993638867310581338472E-0002
   1.96304124278133209429541529286190811E-0002
   2.52306167241609563582784835669857844E-0006
  -5.04572101049055134294693247916385162E-0007
