   7.82849867923173842955758619698337827E-0002
   7.79778053193601928514997668443532641E-0002
  0.233061850325883051216225178646350377      
   7.57372318221392436712062029587448187E-0002
  0.382099957616490194813380053170025623      
   7.16317563199957446785503704095570397E-0002
  0.521729495833524262973160180825988613      
   6.57624692450844892245989200165731806E-0002
  0.648512322342212608151267448035878600      
   5.82738919242368127957576896229510763E-0002
  0.759326623185833800620765144054908519      
   4.93504179842552206417353148114857200E-0002
  0.851443782506038627867518787418733512      
   3.92117729688541483195363289358035560E-0002
  0.922595570121039497446511593237374953      
   2.81076039665464410790658211892130653E-0002
  0.971029992880510432336918325078357401      
   1.63113324707929825516455405005426601E-0002
  0.995554434551480001139030666757156738      
   4.11342183539977639669668857256600320E-0003
  0.995565021988053426354254390132239033      
  -8.18577489724536074443590300086289024E-0003
  0.971061494492404582795875951698723532      
  -2.02834106848909851683430398082702465E-0002
  0.922647210234021683271672074258257510      
  -3.18816015846939655281043877999321071E-0002
  0.851514289569143518501850561965324775      
  -4.26947616445124070214213534820675208E-0002
  0.759414261081168226975047222439042799      
  -5.24566349768528200033613290658824253E-0002
  0.648614933133939937373876731745890058      
  -6.09268518624728383328663812437816263E-0002
  0.521844552903406474790445335245835823      
  -6.78968474506103281354920055217010785E-0002
  0.382224627877614266767359860616917015      
  -7.31949973177962064475889302018003323E-0002
  0.233193063982663233674931566555827508      
  -7.66908434307490556179394675387617490E-0002
   7.84195129290505890513521924588570545E-0002
  -7.82983064561199013100564402628984340E-0002
  -7.82849867923173842955758619696931778E-0002
  -7.79778053193601928514997668441991174E-0002
 -0.233061850325883051216225178645940804      
  -7.57372318221392436712062029586600296E-0002
 -0.382099957616490194813380053169508367      
  -7.16317563199957446785503704095577379E-0002
 -0.521729495833524262973160180825510790      
  -6.57624692450844892245989200166172483E-0002
 -0.648512322342212608151267448035490718      
  -5.82738919242368127957576896229923935E-0002
 -0.759326623185833800620765144054593437      
  -4.93504179842552206417353148115149399E-0002
 -0.851443782506038627867518787418475630      
  -3.92117729688541483195363289358332876E-0002
 -0.922595570121039497446511593237180626      
  -2.81076039665464410790658211892491584E-0002
 -0.971029992880510432336918325078238282      
  -1.63113324707929825516455405005821447E-0002
 -0.995554434551480001139030666757116871      
  -4.11342183539977639669668857260570143E-0003
 -0.995565021988053426354254390132278225      
   8.18577489724536074443590300082384803E-0003
 -0.971061494492404582795875951698839858      
   2.02834106848909851683430398082324772E-0002
 -0.922647210234021683271672074258448562      
   3.18816015846939655281043877998962788E-0002
 -0.851514289569143518501850561965585161      
   4.26947616445124070214213534820345573E-0002
 -0.759414261081168226975047222439368763      
   5.24566349768528200033613290658492752E-0002
 -0.648614933133939937373876731746283815      
   6.09268518624728383328663812437475193E-0002
 -0.521844552903406474790445335246294772      
   6.78968474506103281354920055216770405E-0002
 -0.382224627877614266767359860617403408      
   7.31949973177962064475889302018167990E-0002
 -0.233193063982663233674931566556234674      
   7.66908434307490556179394675388505344E-0002
  -7.84195129290505890513521924590361539E-0002
   7.82983064561199013100564402630512926E-0002
