   1.96324308893098876517468260959363673E-0002
   1.96304123739871076415963730032069356E-0002
  -3.02754684089583032018899618797745339E-0006
   5.88670209354442745962573827549682918E-0002
   1.96001436231598821816373280744289134E-0002
  -8.06887646263817654685482910956241440E-0006
   9.80108423020629978989522762077761717E-0002
   1.95396528715124932393381509856619011E-0002
  -1.30977644617189672594692911577188942E-0005
  0.137003538053819500997443403507437200      
   1.94490333913995239473138349801307812E-0002
  -1.81064566573446931677765475127459057E-0005
  0.175784984280111541799770516586257424      
   1.93284249114910775616845992913236776E-0002
  -2.30872300091869516565301842702499461E-0005
  0.214295382801793473369929505663719378      
   1.91780134013212958988934545492104985E-0002
  -2.80324045257508560528150376875840780E-0005
  0.252475353375634228030609385087941757      
   1.89980307845368170297475190700600518E-0002
  -3.29343551063652638534821784009170974E-0005
  0.290266025254348413784081860133296808      
   1.87887545812873223247524826832715200E-0002
  -3.77855232985353333053440598632470960E-0005
  0.327609127961021591504000185652749751      
   1.85505074803095807071461056063562111E-0002
  -4.25784289525284228857960684054479464E-0005
  0.364447081137962148582269624157598197      
   1.82836568413648055014253915541801362E-0002
  -4.73056817552228069681023607508447790E-0005
  0.400723083331439351816519543223920027      
   1.79886141287965294090472199258211874E-0002
  -5.19599926254348489418214693637892219E-0005
  0.436381199575407948706809886065861697      
   1.76658342770824103115456835554311905E-0002
  -5.65341849531538632372096429113173862E-0005
  0.471366447639171562021366229725720396      
   1.73158149893582410307952804252108501E-0002
  -6.10212056653545807323535579625083621E-0005
  0.505624882805997232032268769273403572      
   1.69390959699957881793756182016232881E-0002
  -6.54141361013245367874618164668751454E-0005
  0.539103681051958627673528627680397266      
   1.65362580924177694496625368180563147E-0002
  -6.97062026807374153334197401587504749E-0005
  0.571751220496752179312767432738238034      
   1.61079225034331383286921935850653935E-0002
  -7.38907873480229531554035314400813775E-0005
  0.603517161000894878332686783104941863      
   1.56547496654737263106942122716865629E-0002
  -7.79614377769289430021803258989131039E-0005
  0.634352521786570633835356649762200955      
   1.51774383382090442849291968029044427E-0002
  -8.19118773195406405537080459686596651E-0005
  0.664209756962439467458458246406903214      
   1.46767245011095192610589166463174810E-0002
  -8.57360146844169084408026167852873573E-0005
  0.693042828835955764672444178716620800      
   1.41533802186194958268442079912477485E-0002
  -8.94279533289201128680952580017951822E-0005
  0.720807278900153301597942548603608171      
   1.36082124496898233160211544938873969E-0002
  -9.29820005512574809093382416703955406E-0005
  0.747460296385440570056868945598665585      
   1.30420618035056431501433399529830840E-0002
  -9.63926762682146497064132363542243783E-0005
  0.772960784270704501199259618644320503      
   1.24558012433279539196600234901222869E-0002
  -9.96547214650467786619964694966151338E-0005
  0.797269422651938250344234579856135768      
   1.18503347404475365634377758501567405E-0002
  -1.02763106304498104991204870053844507E-0004
  0.820348729370683212040630484958068852      
   1.12265958803267451307330445386795843E-0002
  -1.05713037882446422231024523035887380E-0004
  0.842163117808800602197217859665313440      
   1.05855464230783914554023434936948878E-0002
  -1.08499967618213840061985349115981281E-0004
  0.862678951760457258551465845852319998      
   9.92817482050136096361063672732913518E-0003
  -1.11119598268148501910846283864949245E-0004
  0.881864597296717034573400179503734243      
   9.25549469195958320805969041823081254E-0003
  -1.13567890551662825680291231319846659E-0004
  0.899690471542766346095728311089370071      
   8.56854326145444128567671758511284407E-0003
  -1.15841069379511396903262675527318372E-0004
  0.916129088292562924321161136635304938      
   7.86837975830054120018968475127827014E-0003
  -1.17935629674704961245275940158836313E-0004
  0.931155100390573293045488495562871356      
   7.15608378387088321189953879257085620E-0003
  -1.19848341777085088886537985994970333E-0004
  0.944745338815249402796141262490930948      
   6.43275364692979573975655132626425321E-0003
  -1.21576256423226048382779503179187622E-0004
  0.956878848403980533743294418431877917      
   5.69950467012042777418793684418033610E-0003
  -1.23116709293985242265795000639142300E-0004
  0.967536920164435180945389720867666244      
   4.95746747021807333914101644587162702E-0003
  -1.24467325122690211225025596497430579E-0004
  0.976703120122471174714807202248153152      
   4.20778621480105272729588440059218787E-0003
  -1.25626021357627680277070474136351409E-0004
  0.984363314662132649636317468203882805      
   3.45161685802723765056772517813010068E-0003
  -1.26591011373187354276435164654889484E-0004
  0.990505692318661423591706984582239363      
   2.69012535823652503064841241601773488E-0003
  -1.27360807224709111783184275369619732E-0004
  0.995120781990919542833094982724070045      
   1.92448588012758722425256084166528440E-0003
  -1.27934221942785822589862504779263684E-0004
  0.998201467545140757603157781036897659      
   1.15587898428101182539214030640067698E-0003
  -1.28310371363484140257442908551761928E-0004
  0.999742998787493002027876208382974519      
   3.85489806820455137124004119393865913E-0004
  -1.28488675491661201855261287718525086E-0004
  0.999742998788532982245004948525616880      
  -3.85493767981360126674671745986752444E-0004
  -1.28468859395275099369103295370112840E-0004
  0.998201467548259094680428458760663526      
  -1.15588293933409381011863608127482817E-0003
  -1.28250953629310160851449015423086497E-0004
  0.995120781996111428520756026712876553      
  -1.92448982297444101970030928159992525E-0003
  -1.27835294188663379257058654699018553E-0004
  0.990505692325918852378343402936956590      
  -2.69012928279756657150563809452773514E-0003
  -1.27222521990064634675775117112730025E-0004
  0.984363314671444431092769199317561392      
  -3.45162075825107826863712014435285885E-0003
  -1.26413581883829551428689110102878339E-0004
  0.976703120133822950748999781135597604      
  -4.20779008467382995420756823906343552E-0003
  -1.25409721196968795492442702640251247E-0004
  0.967536920177809447941471562716954508      
  -4.95747130377272384638531566450504172E-0003
  -1.24212487809900232117498462294559232E-0004
  0.956878848419356669550943774363283149      
  -5.69950846144588815226656914568988693E-0003
  -1.22823727769729514090643161284600634E-0004
  0.944745338832603698528427292421424292      
  -6.43275739018011692951764941291221652E-0003
  -1.21245582443779248981751423341543698E-0004
  0.931155100409878989636256461156829366      
  -7.15608747327424453426402225886661472E-0003
  -1.19480485217755797082593218650846738E-0004
  0.916129088313790253785572876106042483      
  -7.86838338816815008528849190704114976E-0003
  -1.17531157743644887513619060413451847E-0004
  0.899690471565882577430337233062864785      
  -8.56854682618930497866163283294957439E-0003
  -1.15400605743121525500735442484455205E-0004
  0.881864597321686524224986187207998383      
  -9.25549818606513892625319280957446324E-0003
  -1.13092114372945028570132088334952287E-0004
  0.862678951787241505376810906233324166      
  -9.92817823858995119791797089898311240E-0003
  -1.10609243159485416592479777221953618E-0004
  0.842163117837358306829078227065838857      
  -1.05855497598795713476853376718892045E-0002
  -1.07955820510191748830199331313271729E-0004
  0.820348729400970340568367553122199721      
  -1.12265991306954091177718959067113614E-0002
  -1.05135937810465325995364243703113683E-0004
  0.797269422683908102210913445149730828      
  -1.18503378993718517567848451111384050E-0002
  -1.02153943115039950973498195777107778E-0004
  0.772960784304307781210522949786877800      
  -1.24558043059370879886889269158300940E-0002
  -9.90144344435966825933512249076364633E-0005
  0.747460296420625464390553695706766547      
  -1.30420647650772747924578053560699060E-0002
  -9.57222526909507585488052346116602313E-0005
  0.720807278936865557697238189862718161      
  -1.36082153056574237346226404216776255E-0002
  -9.22824741627426653578604981761140347E-0005
  0.693042828874138774899403000455287543      
  -1.41533829645793699865482656655612201E-0002
  -8.87004027481427787049227325804566135E-0005
  0.664209757002034356378870067020903964      
  -1.46767271328275960670532610651509075E-0002
  -8.49815617416386962772980206758846378E-0005
  0.634352521827516349000400992216816471      
  -1.51774408516274052135103124177163154E-0002
  -8.11316853265154742599829626522901358E-0005
  0.603517161043128284417383786346191551      
  -1.56547520567168624255071019898506550E-0002
  -7.71567097331606236744088551720021456E-0005
  0.571751220540208155466072830998617771      
  -1.61079247688139260346077469883010872E-0002
  -7.30627640858271193979477524616620798E-0005
  0.539103681096570167929966007296749091      
  -1.65362602284431557701131699762916999E-0002
  -6.88561609519680498644208390513906549E-0005
  0.505624882851695548630271644057192427      
  -1.69390979733721767908636106470713098E-0002
  -6.45433866087151484178819118838382095E-0005
  0.471366447685886191469020540068290885      
  -1.73158168569965707496989849999207255E-0002
  -6.01310910415095909246189883049819368E-0005
  0.436381199623066860431451234643354144      
  -1.76658360061029182025650500229761526E-0002
  -5.56260776903064460397558703781440811E-0005
  0.400723083379969059230655363444471859      
  -1.79886157165331911709206463368965383E-0002
  -5.10352929591633876562154711140910977E-0005
  0.364447081187287822394570679585545085      
  -1.82836582853694462831649735582451535E-0002
  -4.63658155053891233812707138550083231E-0005
  0.327609128011067175100644064462258873      
  -1.85505087783556500162106068592341460E-0002
  -4.16248453247668958259637661719364998E-0005
  0.290266025305036740502538795929633827      
  -1.87887557313733272065232344328045099E-0002
  -3.68196926496828509496233550332391436E-0005
  0.252475353426887140145042726534181236      
  -1.89980317848894082245933388950214849E-0002
  -3.19577666772775548357851978533221611E-0005
  0.214295382853531942604743971622558920      
  -1.91780142503980022181940792729648050E-0002
  -2.70465641450010322607713944198175755E-0005
  0.175784984332255791185485080363857886      
  -1.93284256079826842666029954643929747E-0002
  -2.20936577711869931251669694757208534E-0005
  0.137003538106289127880995882501516034      
  -1.94490339342320914630297083613344433E-0002
  -1.71066845784700434471427400309441736E-0005
   9.80108423547770979187626532473692875E-0002
  -1.95396532598490130920316262763807946E-0002
  -1.20933341180503252426694417167195038E-0005
   5.88670209883215664308892973826352823E-0002
  -1.96001438564015676048879947786295963E-0002
  -7.06133661296291569560274620673844499E-0006
   1.96324309422688383498138417359301083E-0002
  -1.96304124517743168621761751030100769E-0002
  -2.01845103863420481114166564459417675E-0006
  -1.96324308893098876517468260956855932E-0002
  -1.96304123739871076415963730029556408E-0002
   3.02754684089583032018899616229051998E-0006
  -5.88670209354442745962573827544079726E-0002
  -1.96001436231598821816373280743821193E-0002
   8.06887646263817654685482907825462700E-0006
  -9.80108423020629978989522762072516808E-0002
  -1.95396528715124932393381509857134378E-0002
   1.30977644617189672594692911626692521E-0005
 -0.137003538053819500997443403506965131      
  -1.94490333913995239473138349801266735E-0002
   1.81064566573446931677765475196056793E-0005
 -0.175784984280111541799770516585760004      
  -1.93284249114910775616845992913135664E-0002
   2.30872300091869516565301842656646688E-0005
 -0.214295382801793473369929505663224848      
  -1.91780134013212958988934545492196918E-0002
   2.80324045257508560528150376880188581E-0005
 -0.252475353375634228030609385087457819      
  -1.89980307845368170297475190700603196E-0002
   3.29343551063652638534821784018636408E-0005
 -0.290266025254348413784081860132813159      
  -1.87887545812873223247524826832736145E-0002
   3.77855232985353333053440598622532214E-0005
 -0.327609127961021591504000185652273709      
  -1.85505074803095807071461056063604541E-0002
   4.25784289525284228857960684057637783E-0005
 -0.364447081137962148582269624157129763      
  -1.82836568413648055014253915541838346E-0002
   4.73056817552228069681023607506542431E-0005
 -0.400723083331439351816519543223460067      
  -1.79886141287965294090472199258260564E-0002
   5.19599926254348489418214693637151188E-0005
 -0.436381199575407948706809886065410692      
  -1.76658342770824103115456835554347895E-0002
   5.65341849531538632372096429113715882E-0005
 -0.471366447639171562021366229725277865      
  -1.73158149893582410307952804252162005E-0002
   6.10212056653545807323535579623328550E-0005
 -0.505624882805997232032268769272971008      
  -1.69390959699957881793756182016274560E-0002
   6.54141361013245367874618164671348239E-0005
 -0.539103681051958627673528627679972502      
  -1.65362580924177694496625368180600131E-0002
   6.97062026807374153334197401586640408E-0005
 -0.571751220496752179312767432737822996      
  -1.61079225034331383286921935850726368E-0002
   7.38907873480229531554035314393927376E-0005
 -0.603517161000894878332686783104541559      
  -1.56547496654737263106942122716921902E-0002
   7.79614377769289430021803258997043174E-0005
 -0.634352521786570633835356649761810473      
  -1.51774383382090442849291968029105545E-0002
   8.19118773195406405537080459678905509E-0005
 -0.664209756962439467458458246406527850      
  -1.46767245011095192610589166463254931E-0002
   8.57360146844169084408026167855281690E-0005
 -0.693042828835955764672444178716259014      
  -1.41533802186194958268442079912530193E-0002
   8.94279533289201128680952580021158806E-0005
 -0.720807278900153301597942548603256689      
  -1.36082124496898233160211544938931536E-0002
   9.29820005512574809093382416700040187E-0005
 -0.747460296385440570056868945598327969      
  -1.30420618035056431501433399529910767E-0002
   9.63926762682146497064132363544765571E-0005
 -0.772960784270704501199259618643998102      
  -1.24558012433279539196600234901301862E-0002
   9.96547214650467786619964694957468314E-0005
 -0.797269422651938250344234579855833397      
  -1.18503347404475365634377758501683563E-0002
   1.02763106304498104991204870053725006E-0004
 -0.820348729370683212040630484957790362      
  -1.12265958803267451307330445386908148E-0002
   1.05713037882446422231024523037002653E-0004
 -0.842163117808800602197217859665048432      
  -1.05855464230783914554023434936975991E-0002
   1.08499967618213840061985349116185441E-0004
 -0.862678951760457258551465845852062693      
  -9.92817482050136096361063672733547119E-0003
   1.11119598268148501910846283863840601E-0004
 -0.881864597296717034573400179503495717      
  -9.25549469195958320805969041824297900E-0003
   1.13567890551662825680291231319825618E-0004
 -0.899690471542766346095728311089153404      
  -8.56854326145444128567671758512177106E-0003
   1.15841069379511396903262675527857442E-0004
 -0.916129088292562924321161136635103967      
  -7.86837975830054120018968475128492362E-0003
   1.17935629674704961245275940159272363E-0004
 -0.931155100390573293045488495562682133      
  -7.15608378387088321189953879257694620E-0003
   1.19848341777085088886537985994057138E-0004
 -0.944745338815249402796141262490760118      
  -6.43275364692979573975655132627579074E-0003
   1.21576256423226048382779503179505464E-0004
 -0.956878848403980533743294418431727983      
  -5.69950467012042777418793684418977917E-0003
   1.23116709293985242265795000638807049E-0004
 -0.967536920164435180945389720867538170      
  -4.95746747021807333914101644588437201E-0003
   1.24467325122690211225025596497330286E-0004
 -0.976703120122471174714807202248048767      
  -4.20778621480105272729588440060248182E-0003
   1.25626021357627680277070474136842483E-0004
 -0.984363314662132649636317468203797871      
  -3.45161685802723765056772517813979126E-0003
   1.26591011373187354276435164654635977E-0004
 -0.990505692318661423591706984582173785      
  -2.69012535823652503064841241602691690E-0003
   1.27360807224709111783184275369963517E-0004
 -0.995120781990919542833094982724021416      
  -1.92448588012758722425256084167340622E-0003
   1.27934221942785822589862504778896601E-0004
 -0.998201467545140757603157781036867036      
  -1.15587898428101182539214030641023780E-0003
   1.28310371363484140257442908552125790E-0004
 -0.999742998787493002027876208382962096      
  -3.85489806820455137124004119403121943E-0004
   1.28488675491661201855261287718178598E-0004
 -0.999742998788532982245004948525623525      
   3.85493767981360126674671745977338051E-0004
   1.28468859395275099369103295370411698E-0004
 -0.998201467548259094680428458760688081      
   1.15588293933409381011863608126559386E-0003
   1.28250953629310160851449015422812066E-0004
 -0.995120781996111428520756026712921524      
   1.92448982297444101970030928158857844E-0003
   1.27835294188663379257058654698530958E-0004
 -0.990505692325918852378343402937025731      
   2.69012928279756657150563809451610395E-0003
   1.27222521990064634675775117113469669E-0004
 -0.984363314671444431092769199317650081      
   3.45162075825107826863712014434422940E-0003
   1.26413581883829551428689110102457536E-0004
 -0.976703120133822950748999781135707767      
   4.20779008467382995420756823905007739E-0003
   1.25409721196968795492442702640013068E-0004
 -0.967536920177809447941471562717089034      
   4.95747130377272384638531566449557758E-0003
   1.24212487809900232117498462295722877E-0004
 -0.956878848419356669550943774363430867      
   5.69950846144588815226656914568518345E-0003
   1.22823727769729514090643161284438063E-0004
 -0.944745338832603698528427292421585300      
   6.43275739018011692951764941290257408E-0003
   1.21245582443779248981751423340890582E-0004
 -0.931155100409878989636256461157010885      
   7.15608747327424453426402225885667286E-0003
   1.19480485217755797082593218650967790E-0004
 -0.916129088313790253785572876106242973      
   7.86838338816815008528849190703216861E-0003
   1.17531157743644887513619060413634613E-0004
 -0.899690471565882577430337233063082704      
   8.56854682618930497866163283294018248E-0003
   1.15400605743121525500735442483798950E-0004
 -0.881864597321686524224986187208237102      
   9.25549818606513892625319280956429644E-0003
   1.13092114372945028570132088335459889E-0004
 -0.862678951787241505376810906233579737      
   9.92817823858995119791797089897619109E-0003
   1.10609243159485416592479777222345105E-0004
 -0.842163117837358306829078227066106369      
   1.05855497598795713476853376718842934E-0002
   1.07955820510191748830199331313558444E-0004
 -0.820348729400970340568367553122477247      
   1.12265991306954091177718959067050781E-0002
   1.05135937810465325995364243702076227E-0004
 -0.797269422683908102210913445150026844      
   1.18503378993718517567848451111270149E-0002
   1.02153943115039950973498195777249884E-0004
 -0.772960784304307781210522949787194134      
   1.24558043059370879886889269158212889E-0002
   9.90144344435966825933512249077259066E-0005
 -0.747460296420625464390553695707099829      
   1.30420647650772747924578053560626070E-0002
   9.57222526909507585488052346123264780E-0005
 -0.720807278936865557697238189863063576      
   1.36082153056574237346226404216717545E-0002
   9.22824741627426653578604981758494780E-0005
 -0.693042828874138774899403000455646054      
   1.41533829645793699865482656655538925E-0002
   8.87004027481427787049227325796887689E-0005
 -0.664209757002034356378870067021282120      
   1.46767271328275960670532610651392722E-0002
   8.49815617416386962772980206764373435E-0005
 -0.634352521827516349000400992217212346      
   1.51774408516274052135103124177106144E-0002
   8.11316853265154742599829626530094091E-0005
 -0.603517161043128284417383786346597537      
   1.56547520567168624255071019898449585E-0002
   7.71567097331606236744088551718353312E-0005
 -0.571751220540208155466072830999032905      
   1.61079247688139260346077469882986407E-0002
   7.30627640858271193979477524619593623E-0005
 -0.539103681096570167929966007297171640      
   1.65362602284431557701131699762856573E-0002
   6.88561609519680498644208390510242534E-0005
 -0.505624882851695548630271644057624991      
   1.69390979733721767908636106470679545E-0002
   6.45433866087151484178819118838950681E-0005
 -0.471366447685886191469020540068732068      
   1.73158168569965707496989849999147792E-0002
   6.01310910415095909246189883046139835E-0005
 -0.436381199623066860431451234643807363      
   1.76658360061029182025650500229709947E-0002
   5.56260776903064460397558703784997622E-0005
 -0.400723083379969059230655363444934467      
   1.79886157165331911709206463368921568E-0002
   5.10352929591633876562154711144025920E-0005
 -0.364447081187287822394570679586014482      
   1.82836582853694462831649735582424211E-0002
   4.63658155053891233812707138548443005E-0005
 -0.327609128011067175100644064462735059      
   1.85505087783556500162106068592299933E-0002
   4.16248453247668958259637661718872936E-0005
 -0.290266025305036740502538795930117188      
   1.87887557313733272065232344328021326E-0002
   3.68196926496828509496233550337117334E-0005
 -0.252475353426887140145042726534668351      
   1.89980317848894082245933388950193995E-0002
   3.19577666772775548357851978529287407E-0005
 -0.214295382853531942604743971623052006      
   1.91780142503980022181940792729615129E-0002
   2.70465641450010322607713944204269958E-0005
 -0.175784984332255791185485080364351742      
   1.93284256079826842666029954643961104E-0002
   2.20936577711869931251669694763916287E-0005
 -0.137003538106289127880995882502006255      
   1.94490339342320914630297083613309074E-0002
   1.71066845784700434471427400266681865E-0005
  -9.80108423547770979187626532478935136E-0002
   1.95396532598490130920316262763517853E-0002
   1.20933341180503252426694417178564096E-0005
  -5.88670209883215664308892973831703839E-0002
   1.96001438564015676048879947786701943E-0002
   7.06133661296291569560274623483523292E-0006
  -1.96324309422688383498138417361989591E-0002
   1.96304124517743168621761751032379535E-0002
   2.01845103863420481114166566759167643E-0006
