   3.92497259420263193054637051641858503E-0002
   3.92335815825794883354525578129058158E-0002
  -2.01789673858696555847033872013421601E-0005
  -4.03381737285796582393175689993080685E-0006
   9.87890752505425233664248602105922015E-0010
  0.117507190213786997909438050916270870      
   3.89916935056363539242424955338726638E-0002
  -6.04124917966887954172143732152009645E-0005
  -4.00894751670066096703463211750706006E-0006
   2.76001178071457142480675955493813671E-0009
  0.195040183582773765366684342597602746      
   3.85094086721771432051693573365106108E-0002
  -1.00273553106389264427862652564557680E-0004
  -3.95936116599256911645866574258299973E-0006
   4.51511641849856122660306463122153230E-0009
  0.271370689362530246048569634870262772      
   3.77897005285761135798829465910537030E-0002
  -1.39516394616848800199393072771963098E-0004
  -3.88536403707494051308202398000866587E-0006
   6.24238386213393994430029855226769865E-0009
  0.346028104602455369261956186706258501      
   3.68370063148658090092244901982845788E-0002
  -1.77899071160586405153915546733332326E-0004
  -3.78741234685409466499682376157228801E-0006
   7.93116493345598546449677111676518397E-0009
  0.418552141511485185973248539688094680      
   3.56571997076767273384482948969687691E-0002
  -2.15184940773174799299653585726269390E-0004
  -3.66611000007248537178550368360965929E-0006
   9.57104773558330485311614376793580170E-0009
  0.488495665285386000556082098176872523      
   3.42575546070676975967413882325611524E-0002
  -2.51144123669642552841877044203900193E-0004
  -3.52220486603514479179013205908973895E-0006
   1.11519218457244151954531773328622504E-0008
  0.555427450841509882070683132490173773      
   3.26467002905132000958680731658243213E-0002
  -2.85554919529791220624994415149783740E-0004
  -3.35658416774672613879560442496624038E-0006
   1.26640406492963098330989199714835267E-0008
  0.618934841464826080018266627460122670      
   3.08345682105382103120333065844831716E-0002
  -3.18205174354392203079078765000431629E-0004
  -3.17026901188664840742416134379730398E-0006
   1.40980814310444408390660061573221885E-0008
  0.678626292973791471373422127813779737      
   2.88323307640108393201107657666173824E-0002
  -3.48893588465140354214375134952971113E-0004
  -2.96440809334686532785432703481399108E-0006
   1.54452028526823807140430472351801743E-0008
  0.734133787720431426586155037381449253      
   2.66523324106004429283275463806949736E-0002
  -3.77430957584109668548715912066014184E-0004
  -2.74027061314587665788462635232468417E-0006
   1.66970994626824015347050766575569441E-0008
  0.785115103541517859529659195947998099      
   2.43080135650788107076109022109972679E-0002
  -4.03641339341043501859876516530704588E-0004
  -2.49923845338239696529599963905954326E-0006
   1.78460529021459862888820966118292902E-0008
  0.831255923672005945885594543879546159      
   2.18138277326937064632675634412908430E-0002
  -4.27363138016573978515257200739506728E-0004
  -2.24279765747269462442351658580115354E-0006
   1.88849794910530530153661118618605035E-0008
  0.872271774612411555183296324716878267      
   1.91851523985027375564734236431072251E-0002
  -4.48450100833567924008623699977526440E-0004
  -1.97252926819877094059958522579785707E-0006
   1.98074739015048412479150478167380158E-0008
  0.907909780002532608329908912781686105      
   1.64381942200644420746496221307377895E-0002
  -4.66772219654131874538392555454107398E-0004
  -1.69009958005385903630824316219076033E-0006
   2.06078486487003955415545357470879992E-0008
  0.937950219688299646267121266290046624      
   1.35898891080051799277155141893102503E-0002
  -4.82216532523014283062338633348144823E-0004
  -1.39724986598277392246432744489974908E-0006
   2.12811691561716439779717041586931874E-0008
  0.962207884369590033661695129428098531      
   1.06577978104983595698049475484778286E-0002
  -4.94687820115623306999845335070811187E-0004
  -1.09578564185517570212305138190674719E-0006
   2.18232841790882370171087802482778724E-0008
  0.980533217477151556954510820163903578      
   7.65999764541240759776588290190746124E-0003
  -5.04109192796826555453623647337340066E-0004
  -7.87565534859838163869228414382133357E-0007
   2.22308513980623555879719093742706035E-0008
  0.992813237238584470177512616887889292      
   4.61497104763479170806426975892415667E-0003
  -5.10422564671120078648622098792832829E-0004
  -4.74489824449973733539025155823267838E-0007
   2.25013580256591709730382157448441193E-0008
  0.998972233248538591172823648837973129      
   1.54149161871490618618963587432210883E-0003
  -5.13589011701489670090676285274007590E-0004
  -1.58488726488497378301218859741414223E-0007
   2.26331362985669671409987084153274606E-0008
  0.998972233248538550020207063495091013      
  -1.54149161863233612159294541227885682E-0003
  -5.13589011689042614911327017251921983E-0004
   1.58489507174630171830589753855329235E-0007
   2.26253737599125450543214470082011634E-0008
  0.992813237238584346973382426741563354      
  -4.61497104755273071537315062016254166E-0003
  -5.10422564633855653344820844126392875E-0004
   4.74490600322916913913623598702215129E-0007
   2.24781182683280152672400268672145814E-0008
  0.980533217477151352458461457367072158      
  -7.65999764533136161028832497577366837E-0003
  -5.04109192734974507599047206810765589E-0004
   7.87566301136077032447344006036747408E-0007
   2.21922777028864163540660092354602355E-0008
  0.962207884369589749134512740139346546      
  -1.06577978104188282630042756355215339E-0002
  -4.94687820029564975037410222540499734E-0004
   1.09578639381036243357321435306922217E-0006
   2.17696143657253291990782912520381715E-0008
  0.937950219688299283463010544828585292      
  -1.35898891079276536385449976513049752E-0002
  -4.82216532413280245225892595243218265E-0004
   1.39725059898085474011354771488023619E-0006
   2.12127341168681738824186737204902901E-0008
  0.907909780002532169485677846354601708      
  -1.64381942199893987784621044021358941E-0002
  -4.66772219521398677661467732799540818E-0004
   1.69010028957565702531951929008436657E-0006
   2.05250703082306289052459226443833571E-0008
  0.872271774612411043004565528363932912      
  -1.91851523984306399201443290175953004E-0002
  -4.48450100678653912388233251220589216E-0004
   1.97252994986984827643069401701255223E-0006
   1.97108626158643656646225332909602617E-0008
  0.831255923672005363530116209671207245      
  -2.18138277326249989926997577327625584E-0002
  -4.27363137840434248547177122539712456E-0004
   2.24279830709032243666350380855599080E-0006
   1.87751309009443545483406020916554120E-0008
  0.785115103541517210587848500662237180      
  -2.43080135650139170072079883735644227E-0002
  -4.03641339144764013551763904393091151E-0004
   2.49923906694146655870043004343339801E-0006
   1.77236442606554480113689566424376446E-0008
  0.734133787720430715058954039004690138      
  -2.66523324105397630893318535382866332E-0002
  -3.77430957368900550215543407098382571E-0004
   2.74027118686359233931555537053172868E-0006
   1.65628854597898164738148050925637627E-0008
  0.678626292973790701647632627305155047      
  -2.88323307639547474539077964150062671E-0002
  -3.48893588232328441634960618159414915E-0004
   2.96440862368606659963571099394738007E-0006
   1.53000109623462665421633557992324668E-0008
  0.618934841464825256839504076888934091      
  -3.08345682104870522436306403088572925E-0002
  -3.18205174105412859112291275783337033E-0004
   3.17026949557761773803525390118063210E-0006
   1.39428068095499225988837781225290438E-0008
  0.555427450841509010514118337696639393      
  -3.26467002904672912317691964279146116E-0002
  -2.85554919266179485720422638190628449E-0004
   3.35658460180734785874419466135307515E-0006
   1.24996406163189524707116691425085508E-0008
  0.488495665285385085995151103088510487      
  -3.42575546070273209803597170712666790E-0002
  -2.51144123393023681005004847183459013E-0004
   3.52220524778929082836905275856025805E-0006
   1.09794099821360826065103039300875795E-0008
  0.418552141511484234046523606260190235      
  -3.56571997076421319050504097323384128E-0002
  -2.15184940485254237860464411905283835E-0004
   3.66611032716651446854375855743075680E-0006
   9.39148763438903499968632647484375705E-0009
  0.346028104602454385838382121911284717      
  -3.68370063148372080511614379871293735E-0002
  -1.77899070863139280116984281012845754E-0004
   3.78741261727136336275074700932667104E-0006
   7.74566364238943375192368876502637210E-0009
  0.271370689362529237191279794340752133      
  -3.77897005285536834315719697183058493E-0002
  -1.39516394311708972001778541146816925E-0004
   3.88536424914823642744314747392088952E-0006
   6.05208505833997050791684872076872582E-0009
  0.195040183582772737295619397292221480      
  -3.85094086721610221559335741719745539E-0002
  -1.00273552795438021579692677225821207E-0004
   3.95936131841438985658785022854902924E-0006
   4.32119335738333760137368277816876902E-0009
  0.117507190213785956962997984543210783      
  -3.89916935056266413657112375410650865E-0002
  -6.04124914818432557324289226048333198E-0005
   4.00894760853127532267025588380302317E-0006
   2.56366006243583053419870552787562383E-0009
   3.92497259420252719014294705497373202E-0002
  -3.92335815825762441487789236498683382E-0002
  -2.01789670690709465122252714373102002E-0005
   4.03381740353120752079331652745654682E-0006
   7.90320950699927544678270683522818936E-0010
  -3.92497259420263193054637051637392392E-0002
  -3.92335815825794883354525578126527125E-0002
   2.01789673858696555847033869758700215E-0005
   4.03381737285796582393175691119986932E-0006
  -9.87890752505425233664229648594013191E-0010
 -0.117507190213786997909438050915784693      
  -3.89916935056363539242424955338349877E-0002
   6.04124917966887954172143732429850137E-0005
   4.00894751670066096703463208546856333E-0006
  -2.76001178071457142480675749161085978E-0009
 -0.195040183582773765366684342597111177      
  -3.85094086721771432051693573365204391E-0002
   1.00273553106389264427862652587783732E-0004
   3.95936116599256911645866573944027077E-0006
  -4.51511641849856122660306864005729040E-0009
 -0.271370689362530246048569634869780038      
  -3.77897005285761135798829465910675877E-0002
   1.39516394616848800199393072779381808E-0004
   3.88536403707494051308202398406473998E-0006
  -6.24238386213393994430030102967977812E-0009
 -0.346028104602455369261956186705786359      
  -3.68370063148658090092244901982935705E-0002
   1.77899071160586405153915546732938206E-0004
   3.78741234685409466499682376377746802E-0006
  -7.93116493345598546449677190274462869E-0009
 -0.418552141511485185973248539687637946      
  -3.56571997076767273384482948969761780E-0002
   2.15184940773174799299653585727710123E-0004
   3.66611000007248537178550368482473547E-0006
  -9.57104773558330485311614414448887656E-0009
 -0.488495665285386000556082098176426477      
  -3.42575546070676975967413882325693075E-0002
   2.51144123669642552841877044200848186E-0004
   3.52220486603514479179013205886263124E-0006
  -1.11519218457244151954531770276368900E-0008
 -0.555427450841509882070683132489750935      
  -3.26467002905132000958680731658364727E-0002
   2.85554919529791220624994415149704700E-0004
   3.35658416774672613879560442541391124E-0006
  -1.26640406492963098330989198656270835E-0008
 -0.618934841464826080018266627459721018      
  -3.08345682105382103120333065844934753E-0002
   3.18205174354392203079078764998927091E-0004
   3.17026901188664840742416134281188339E-0006
  -1.40980814310444408390660060858366534E-0008
 -0.678626292973791471373422127813410922      
  -2.88323307640108393201107657666345322E-0002
   3.48893588465140354214375134957993437E-0004
   2.96440809334686532785432703602888948E-0006
  -1.54452028526823807140430481733904953E-0008
 -0.734133787720431426586155037381102393      
  -2.66523324106004429283275463807076366E-0002
   3.77430957584109668548715912063281254E-0004
   2.74027061314587665788462635255667018E-0006
  -1.66970994626824015347050762187418809E-0008
 -0.785115103541517859529659195947675794      
  -2.43080135650788107076109022110059797E-0002
   4.03641339341043501859876516531213106E-0004
   2.49923845338239696529599963853228923E-0006
  -1.78460529021459862888820968328444811E-0008
 -0.831255923672005945885594543879257751      
  -2.18138277326937064632675634413193739E-0002
   4.27363138016573978515257200737441290E-0004
   2.24279765747269462442351658806251263E-0006
  -1.88849794910530530153661115888736452E-0008
 -0.872271774612411555183296324716631652      
  -1.91851523985027375564734236431200416E-0002
   4.48450100833567924008623699977008611E-0004
   1.97252926819877094059958522451316444E-0006
  -1.98074739015048412479150477403004969E-0008
 -0.907909780002532608329908912781472134      
  -1.64381942200644420746496221307548550E-0002
   4.66772219654131874538392555454170828E-0004
   1.69009958005385903630824316111172962E-0006
  -2.06078486487003955415545355967883187E-0008
 -0.937950219688299646267121266289872327      
  -1.35898891080051799277155141893315197E-0002
   4.82216532523014283062338633350043529E-0004
   1.39724986598277392246432744572579963E-0006
  -2.12811691561716439779717047933279540E-0008
 -0.962207884369590033661695129427967279      
  -1.06577978104983595698049475485043613E-0002
   4.94687820115623306999845335068420419E-0004
   1.09578564185517570212305138278977248E-0006
  -2.18232841790882370171087798679762978E-0008
 -0.980533217477151556954510820163815370      
  -7.65999764541240759776588290192003696E-0003
   5.04109192796826555453623647338817522E-0004
   7.87565534859838163869228412909689389E-0007
  -2.22308513980623555879719093383086440E-0008
 -0.992813237238584470177512616887831514      
  -4.61497104763479170806426975894039617E-0003
   5.10422564671120078648622098795053196E-0004
   4.74489824449973733539025155545511288E-0007
  -2.25013580256591709730382159329974845E-0008
 -0.998972233248538591172823648837947514      
  -1.54149161871490618618963587434429050E-0003
   5.13589011701489670090676285269863079E-0004
   1.58488726488497378301218860549849787E-0007
  -2.26331362985669671409987078927605200E-0008
 -0.998972233248538550020207063495110369      
   1.54149161863233612159294541226120164E-0003
   5.13589011689042614911327017253467053E-0004
  -1.58489507174630171830589754869134590E-0007
  -2.26253737599125450543214471709456041E-0008
 -0.992813237238584346973382426741623251      
   4.61497104755273071537315062013834266E-0003
   5.10422564633855653344820844126439425E-0004
  -4.74490600322916913913623597850512442E-0007
  -2.24781182683280152672400271420748235E-0008
 -0.980533217477151352458461457367177988      
   7.65999764533136161028832497575307220E-0003
   5.04109192734974507599047206812400561E-0004
  -7.87566301136077032447344006026288080E-0007
  -2.21922777028864163540660091295028450E-0008
 -0.962207884369589749134512740139485116      
   1.06577978104188282630042756355079696E-0002
   4.94687820029564975037410222540672484E-0004
  -1.09578639381036243357321435332056894E-0006
  -2.17696143657253291990782912364316617E-0008
 -0.937950219688299283463010544828754485      
   1.35898891079276536385449976512863870E-0002
   4.82216532413280245225892595242115275E-0004
  -1.39725059898085474011354771432638605E-0006
  -2.12127341168681738824186737026317414E-0008
 -0.907909780002532169485677846354804701      
   1.64381942199893987784621044021218889E-0002
   4.66772219521398677661467732799036248E-0004
  -1.69010028957565702531951929118858482E-0006
  -2.05250703082306289052459223503380714E-0008
 -0.872271774612411043004565528364172787      
   1.91851523984306399201443290175732154E-0002
   4.48450100678653912388233251220283588E-0004
  -1.97252994986984827643069401606076585E-0006
  -1.97108626158643656646225332876878674E-0008
 -0.831255923672005363530116209671485735      
   2.18138277326249989926997577327445991E-0002
   4.27363137840434248547177122539470163E-0004
  -2.24279830709032243666350380832882688E-0006
  -1.87751309009443545483406024058260276E-0008
 -0.785115103541517210587848500662550625      
   2.43080135650139170072079883735499301E-0002
   4.03641339144764013551763904394492199E-0004
  -2.49923906694146655870043004399775983E-0006
  -1.77236442606554480113689565886389071E-0008
 -0.734133787720430715058954039005034398      
   2.66523324105397630893318535382686047E-0002
   3.77430957368900550215543407098700895E-0004
  -2.74027118686359233931555536939038721E-0006
  -1.65628854597898164738148052215670184E-0008
 -0.678626292973790701647632627305525981      
   2.88323307639547474539077964149971791E-0002
   3.48893588232328441634960618159754162E-0004
  -2.96440862368606659963571099475807702E-0006
  -1.53000109623462665421633556671793600E-0008
 -0.618934841464825256839504076889325921      
   3.08345682104870522436306403088474553E-0002
   3.18205174105412859112291275785467170E-0004
  -3.17026949557761773803525390063887284E-0006
  -1.39428068095499225988837783836567784E-0008
 -0.555427450841509010514118337697043742      
   3.26467002904672912317691964279068116E-0002
   2.85554919266179485720422638187264795E-0004
  -3.35658460180734785874419466213611014E-0006
  -1.24996406163189524707116690221623130E-0008
 -0.488495665285385085995151103088944207      
   3.42575546070273209803597170712500679E-0002
   2.51144123393023681005004847184504921E-0004
  -3.52220524778929082836905275812993051E-0006
  -1.09794099821360826065103038898932965E-0008
 -0.418552141511484234046523606260647547      
   3.56571997076421319050504097323313711E-0002
   2.15184940485254237860464411906869789E-0004
  -3.66611032716651446854375855770507641E-0006
  -9.39148763438903499968632660935628877E-0009
 -0.346028104602454385838382121911756233      
   3.68370063148372080511614379871199545E-0002
   1.77899070863139280116984281012100232E-0004
  -3.78741261727136336275074700872033967E-0006
  -7.74566364238943375192368857439922121E-0009
 -0.271370689362529237191279794341237034      
   3.77897005285536834315719697183021780E-0002
   1.39516394311708972001778541146885104E-0004
  -3.88536424914823642744314747389425429E-0006
  -6.05208505833997050791684863322883356E-0009
 -0.195040183582772737295619397292716227      
   3.85094086721610221559335741719657368E-0002
   1.00273552795438021579692677222993967E-0004
  -3.95936131841438985658785022802705979E-0006
  -4.32119335738333760137368174472438702E-0009
 -0.117507190213785956962997984543702798      
   3.89916935056266413657112375410728685E-0002
   6.04124914818432557324289225881641810E-0005
  -4.00894760853127532267025589677754721E-0006
  -2.56366006243583053419870409227575329E-0009
  -3.92497259420252719014294705501781354E-0002
   3.92335815825762441487789236500926127E-0002
   2.01789670690709465122252716262090508E-0005
  -4.03381740353120752079331650323645403E-0006
  -7.90320950699927544678286763828452563E-0010
