   7.83784229923149767362092009192778171E-0002
   7.82493574073588683287915482521218665E-0002
  -1.93369684953496781974853375780487667E-0004
  0.233205389332882274766217614417471342      
   7.63225194760919879760859493647980064E-0002
  -5.10979740322674130555424565194956078E-0004
  0.382290065023760076307998774370558819      
   7.25163678154038836502019289925564717E-0002
  -8.16007778640576012333234767217191826E-0004
  0.521961490565767505974190074805598521      
   6.69246225110738410743963856353683097E-0002
  -1.10094299727379585384211598236549527E-0003
  0.648780491919175010603327017095297937      
   5.96849708904331591009213711355726062E-0002
  -1.35876934549380931655191863364868255E-0003
  0.759624364382526748324842039157382801      
   5.09756772034082122391957216473337493E-0002
  -1.58313828293084795182911186923007502E-0003
  0.851763763946053161468138142726748757      
   4.10111931650621371205441057699948245E-0002
  -1.76852510170740041601281121138391202E-0003
  0.922929912799364944331441134739270505      
   3.00368774426455406768806542859946330E-0002
  -1.91036496308161102886519787765755560E-0003
  0.971370464170786687846061218521152692      
   1.83229541109100593246873101129372207E-0002
  -2.00516529892693546788132788153224167E-0003
  0.995892650920581034763639523477576161      
   6.15785883856568658382613287250027764E-0003
  -2.05059181035058535152956367611341543E-0003
  0.995892655426496195872793787452735943      
  -6.15886335514596918404185239388489461E-0003
  -2.04552594587936255459170574370715973E-0003
  0.971370477577581585631961956850868061      
  -1.83239338929583359721745050669378904E-0002
  -1.99009244390918885266286908840336460E-0003
  0.922929934776919793809317683984475867      
  -3.00378083646760726108204666438096431E-0002
  -1.88565626123181532662667148592146213E-0003
  0.851763793953207622921088956365195793      
  -4.10120523046849795569979386519754478E-0002
  -1.73478896326857757699307106148459371E-0003
  0.759624401680405090875862795605458761      
  -5.09764434057545298623444290939805043E-0002
  -1.54120540359518611377482263192240731E-0003
  0.648780535589379684897463332937457693      
  -5.96856252890583057729529010038606153E-0002
  -1.30967225191780019139242502664018538E-0003
  0.521961539532993139830374281639394898      
  -6.69251489925118411633779538729895763E-0002
  -1.04589062284519239332240886230925665E-0003
  0.382290118082271061716073857627852239      
  -7.25167534159344418777142992419683155E-0002
  -7.56355695526166046737194689431343056E-0004
  0.233205445176201980163208376509143122      
  -7.63227547009503072079603999226728073E-0002
  -4.48196780782647962862693332364097962E-0004
   7.83784802453955376227524360205199917E-0002
  -7.82494364645282701982941272862787342E-0002
  -1.29001773816426513752637833537773768E-0004
  -7.83784229923149767362092009189737609E-0002
  -7.82493574073588683287915482518293298E-0002
   1.93369684953496781974853375730482842E-0004
 -0.233205389332882274766217614416915206      
  -7.63225194760919879760859493648321315E-0002
   5.10979740322674130555424565168442662E-0004
 -0.382290065023760076307998774370115663      
  -7.25163678154038836502019289925887912E-0002
   8.16007778640576012333234767233712412E-0004
 -0.521961490565767505974190074805166920      
  -6.69246225110738410743963856353719449E-0002
   1.10094299727379585384211598235684025E-0003
 -0.648780491919175010603327017094912943      
  -5.96849708904331591009213711356061896E-0002
   1.35876934549380931655191863365067995E-0003
 -0.759624364382526748324842039157054718      
  -5.09756772034082122391957216473600262E-0002
   1.58313828293084795182911186922819366E-0003
 -0.851763763946053161468138142726484424      
  -4.10111931650621371205441057700315074E-0002
   1.76852510170740041601281121138374727E-0003
 -0.922929912799364944331441134739078490      
  -3.00368774426455406768806542860301664E-0002
   1.91036496308161102886519787765710346E-0003
 -0.971370464170786687846061218521036269      
  -1.83229541109100593246873101129773914E-0002
   2.00516529892693546788132788153191290E-0003
 -0.995892650920581034763639523477538605      
  -6.15785883856568658382613287253811991E-0003
   2.05059181035058535152956367611369379E-0003
 -0.995892655426496195872793787452774654      
   6.15886335514596918404185239384611195E-0003
   2.04552594587936255459170574370695510E-0003
 -0.971370477577581585631961956850985831      
   1.83239338929583359721745050668982463E-0002
   1.99009244390918885266286908840403717E-0003
 -0.922929934776919793809317683984668268      
   3.00378083646760726108204666437742361E-0002
   1.88565626123181532662667148592142583E-0003
 -0.851763793953207622921088956365458297      
   4.10120523046849795569979386519413227E-0002
   1.73478896326857757699307106148566144E-0003
 -0.759624401680405090875862795605784051      
   5.09764434057545298623444290939510918E-0002
   1.54120540359518611377482263192256624E-0003
 -0.648780535589379684897463332937839797      
   5.96856252890583057729529010038337485E-0002
   1.30967225191780019139242502664149460E-0003
 -0.521961539532993139830374281639819662      
   6.69251489925118411633779538729748670E-0002
   1.04589062284519239332240886231040713E-0003
 -0.382290118082271061716073857628314222      
   7.25167534159344418777142992419378136E-0002
   7.56355695526166046737194689425211584E-0004
 -0.233205445176201980163208376509672729      
   7.63227547009503072079603999226588323E-0002
   4.48196780782647962862693332392351297E-0004
  -7.83784802453955376227524360208385887E-0002
   7.82494364645282701982941272865297190E-0002
   1.29001773816426513752637833580772458E-0004
