  0.154754469301671306468397487466487057      
  0.152450550261762117026729541270689208      
  0.450372582476847952139924625326797199      
  0.135030317890927070057738040234085370      
  0.701905089348894174582160157167007366      
  0.104392377193382378830721920141241855      
  0.884730235615147640937754625486225047      
   6.35357832716887029360460914027795163E-0002
  0.980951822141371268652059301560185451      
   1.64598642035299264508176756557103756E-0002
  0.981151009623163664274012035984803836      
  -3.22272610554877539994975466496596274E-0002
  0.885308300201986196784267208923616534      
  -7.77597574618632408897845237683755769E-0002
  0.702805446051406327371357626251740026      
 -0.115680587023783699862270638975513446      
  0.451507098107837796245970577063795078      
 -0.142277794733772905536609820553335179      
  0.156012089566542351895175590426568139      
 -0.154947860587534312984465041157051140      
 -0.154754469301671306468397487466331394      
 -0.152450550261762117026729541270523073      
 -0.450372582476847952139924625326381342      
 -0.135030317890927070057738040234039268      
 -0.701905089348894174582160157166590017      
 -0.104392377193382378830721920141311513      
 -0.884730235615147640937754625485976698      
  -6.35357832716887029360460914028755600E-0002
 -0.980951822141371268652059301560116599      
  -1.64598642035299264508176756557887399E-0002
 -0.981151009623163664274012035984887325      
   3.22272610554877539994975466495836434E-0002
 -0.885308300201986196784267208923857275      
   7.77597574618632408897845237682976731E-0002
 -0.702805446051406327371357626252121553      
  0.115680587023783699862270638975473580      
 -0.451507098107837796245970577064196297      
  0.142277794733772905536609820553395099      
 -0.156012089566542351895175590426767690      
  0.154947860587534312984465041157216770      
