   1.96324309173848025587811890923945556E-0002
   1.96304124278130967384314963859663708E-0002
  -2.52306564267195900984485877239973344E-0006
  -5.04551366271063651009687428891007080E-0007
   3.08796835010626684385462735384956175E-0011
   5.88670209666667793460438047226992623E-0002
   1.96001437546900840950381911571186756E-0002
  -7.56530654372447711771311450867983186E-0006
  -5.03773384369636617134462491027371349E-0007
   8.64162066261032313240775886542775989E-0011
   9.80108423363849496522188744154708245E-0002
   1.95396530805440979314534998247104567E-0002
  -1.25958822904309288168108924625467517E-0005
  -5.02218620423734893265279109641564659E-0007
   1.41819482224097945842128420503896211E-0010
  0.137003538091187977792291328999765046      
   1.94490336776102198346213682084248679E-0002
  -1.76070360996132964358118806571167308E-0005
  -4.99889471766671521075657657780419512E-0007
   1.97004082459784225390517493702252433E-0010
  0.175784984320468924153503341892490030      
   1.93284252744395484960911499131048724E-0002
  -2.25910411353134943277090655955414250E-0005
  -4.96789529776855629976617039218489803E-0007
   2.51884916679458256537642468004631498E-0010
  0.214295382845077533124119199273029294      
   1.91780138404479016452481171040742460E-0002
  -2.75402124230143639956441248208731805E-0005
  -4.92923574340147238538881150402345744E-0007
   3.06377362614595516692371246395196145E-0010
  0.252475353421778224302406220577183171      
   1.89980312991644561905207189186900755E-0002
  -3.24469186993133614868358697262130512E-0005
  -4.88297566479619711382468017015024994E-0007
   3.60397396863255294542449954970012743E-0010
  0.290266025303281195875818294757606537      
   1.87887551706224763813136783184029263E-0002
  -3.73035941787775991101282448034812202E-0005
  -4.82918639164094243619664475739957776E-0007
   4.13861724448076344971814998526969688E-0010
  0.327609128012667708612409558254857022      
   1.85505081434435375678041473932558848E-0002
  -4.21027502198366038814961841273430283E-0005
  -4.76795086309618946465665116958994884E-0007
   4.66687907251094639707743106623250288E-0010
  0.364447081192241966138156009046756490      
   1.82836575772750606696091431984787560E-0002
  -4.68369868717248316247608460970180757E-0005
  -4.69936349990851456078165618515970465E-0007
   5.18794491127346033867684467699012421E-0010
  0.400723083388269174275491421576471587      
   1.79886149363483626111266668461204415E-0002
  -5.14990042846693883098597159430742836E-0005
  -4.62353005882064186705600545450955221E-0007
   5.70101131501253886471570161552233431E-0010
  0.436381199634700148601743223577194752      
   1.76658351550306351532477042758826133E-0002
  -5.60816139657292761892716500503558287E-0005
  -4.54056746950221142786681464394212885E-0007
   6.20528717252141108616672797346001332E-0010
  0.471366447700834715077607416356125157      
   1.73158159363491249843707054946727092E-0002
  -6.05777498629304764545575273020894987E-0005
  -4.45060365425270383607607469933697475E-0007
   6.69999492697844159137648778881748980E-0010
  0.505624882869936258137239571500126809      
   1.69390969845691399410365284812334373E-0002
  -6.49804792606059355096971262635917716E-0005
  -4.35377733075452642717176020055186325E-0007
   7.18437177488339096519237043955967760E-0010
  0.539103681118074937483368240100677510      
   1.65362591730091904487359275080798323E-0002
  -6.92830134691406303123841871206519231E-0005
  -4.25023779818040146534505299530118639E-0007
   7.65767084224512405752907467618481133E-0010
  0.571751220564943826269954813240947850      
   1.61079236483764349168260816796396589E-0002
  -7.34787182926389007007016932727750083E-0005
  -4.14014470698486322566498502408907293E-0007
   8.11916233620716980701033217779161648E-0010
  0.603517161071056715860243116427133062      
   1.56547508730034789116952705857546790E-0002
  -7.75611242583736643903927670660719987E-0005
  -4.02366781273482879800464601362010115E-0007
   8.56813467033540947792326226022883886E-0010
  0.634352521858594477465245872894318154      
   1.51774396064633295437890806333582523E-0002
  -8.15239365922444453984709394379269511E-0005
  -3.90098671435881802982314053773315162E-0007
   9.00389556183278125770286400865142470E-0010
  0.664209757036214261644195393537986171      
   1.46767258281327809948127897713086077E-0002
  -8.53610449248627826489616963487930276E-0005
  -3.77229057721842333857653490849059055E-0007
   9.42577309898917566816527271997088241E-0010
  0.693042828911367754028698594471140805      
   1.41533816023655603504633348267509262E-0002
  -8.90665327132989385718093979162178539E-0005
  -3.63777784142903311512677830624718450E-0007
   9.83311677722059142207787440389672053E-0010
  0.720807278977086206303096913107252779      
   1.36082138880250544939255872128066806E-0002
  -9.26346863639622571721141095398480883E-0005
  -3.49765591587955702132485070218702987E-0007
   1.02252985021000544403510512866676075E-0009
  0.747460296463775765148076078789269247      
   1.30420632942122323084739506991591534E-0002
  -9.60600040425483512971144302801207235E-0005
  -3.35214085842295258746654232752233122E-0007
   1.06017135578336990538584567991669331E-0009
  0.772960784350321199483537081800486862      
   1.24558027841073395465036158099150837E-0002
  -9.93372041574688190958607969968580177E-0005
  -3.20145704273067613735455227010110556E-0007
   1.09617815396886914692193496240775587E-0009
  0.797269422732713688643561424127818894      
   1.18503363289239485240753930381317281E-0002
  -1.02461233503682655940050229166603087E-0004
  -3.04583681232474433076938301187558472E-0007
   1.13049472489352592242827457767018115E-0009
  0.820348729452492840483869707027253908      
   1.12265975140508679329884518508243369E-0002
  -1.05427275054372164045516240840324591E-0004
  -2.88552012232086380819413155462339225E-0007
   1.16306815489228908905851478942288627E-0009
  0.842163117891518276266990140261974611      
   1.05855480995311409166010356377104170E-0002
  -1.08230755388449160293673257442260890E-0004
  -2.72075416943503506490505847865763077E-0007
   1.19384821809706985724817190135039409E-0009
  0.862678951843955433589852211656628280      
   9.92817653709776845580265812315588768E-0003
  -1.10867351742438806036844018135825667E-0004
  -2.55179301082413355359777481501375215E-0007
   1.22278745388138994008901611447109447E-0009
  0.881864597380866962446559892984319135      
   9.25549644605278149228167034829216050E-0003
  -1.13332998675867565152646236145175643E-0004
  -2.37889717234818821250300486188064149E-0007
   1.24984124004122756801844942310533719E-0009
  0.899690471627438273714189402026927868      
   8.56854505033974578938558720718809771E-0003
  -1.15623894339877745233075134266290415E-0004
  -2.20233324685838859178512093026557117E-0007
   1.27496786159922180852281400706260729E-0009
  0.916129088377626293709679676369031486      
   7.86838157921962044483409007168056971E-0003
  -1.17736506339402872644013832980081286E-0004
  -2.02237348313023135456847322094562752E-0007
   1.29812857512614409482176581629396114E-0009
  0.931155100475896942653983392313380909      
   7.15608563401601196013191310204515188E-0003
  -1.19667577179864851925776952633905253E-0004
  -1.83929536607564144596704542897078645E-0007
   1.31928766848045791654986198795239081E-0009
  0.944745338900701769741297707611541905      
   6.43275552344818430424112034008801710E-0003
  -1.21414129289994497299377115938925667E-0004
  -1.65338118888135041244237129255804209E-0007
   1.33841251587385260140183920807221767E-0009
  0.956878848489429856668994089838032036      
   5.69950657011862081252426916671366033E-0003
  -1.22973469613030611080226155881289322E-0004
  -1.46491761773326348009229572719987183E-0007
   1.35547362817784412587994968173571505E-0009
  0.967536920249749703189171663888524399      
   4.95746939076641135228017825974266939E-0003
  -1.24343193759218312797104579158279255E-0004
  -1.27419524979797886842863026602007077E-0007
   1.37044469839387382298823809898914896E-0009
  0.976703120207519347467091431020206607      
   4.20778815293818938214201652628249526E-0003
  -1.25521189713203767571980698909906519E-0004
  -1.08150816514301979872327662129007254E-0007
   1.38330264221679339040500449154688621E-0009
  0.984363314746783334779134490088755639      
   3.45161881076470596138101294599886383E-0003
  -1.26505641090608779806848078948087237E-0004
  -8.87153473286685721696501853559993206E-0008
   1.39402763362919024535099091009738624E-0009
  0.990505692402784095904170628725128145      
   2.69012732256334535852868840073842183E-0003
  -1.27295029938763850195351316189302047E-0004
  -6.91430855076710027231854521426420417E-0008
   1.40260313547166935638408039548266186E-0009
  0.995120782074384491251832349797124730      
   1.92448785301490998950233120944596204E-0003
  -1.27888139077281168686469703249579302E-0004
  -4.94642100604114140632070125613744452E-0008
   1.40901592494195439331429117615966423E-0009
  0.998201467627819285227367318831362276      
   1.15588096268678777403308149273545135E-0003
  -1.28284053974858549493223462229469037E-0004
  -2.97090643864761349727567695350142364E-0008
   1.41325611398349042947747760204215210E-0009
  0.999742998869257624560620610353462957      
   3.85491787694125960354469069534169041E-0004
  -1.28482164159420412512081948563789098E-0004
  -9.90810948861285184327380263909406933E-0009
   1.41531716453211044879630190081868526E-0009
  0.999742998869257624564756784949370539      
  -3.85491787694158052676358368210588639E-0004
  -1.28482164159421475968782310678422334E-0004
   9.90812299592777073603485288554370803E-0009
   1.41519589859725640297503145209437387E-0009
  0.998201467627819285239769464937633303      
  -1.15588096268681981687093653601879602E-0003
  -1.28284053974861738223551397483737277E-0004
   2.97090778729637532903003212199941283E-0008
   1.41289250316221030665938856186576582E-0009
  0.995120782074384491272481344203416310      
  -1.92448785301494193344841853603585596E-0003
  -1.27888139077286477773634169766929669E-0004
   4.94642235052765454182096811497761748E-0008
   1.40841052989577956938859938608272096E-0009
  0.990505692402784095933034632178721078      
  -2.69012732256337715432775848742360726E-0003
  -1.27295029938771271453124716655040125E-0004
   6.91430988901826395863620741986930513E-0008
   1.40175688967588112466030801721490347E-0009
  0.984363314746783334816168996388439636      
  -3.45161881076473756000624823217768478E-0003
  -1.26505641090618301792188830304128695E-0004
   8.87153606281918515807505437824734562E-0008
   1.39294184193346859244276579569353340E-0009
  0.976703120207519347512239335641569582      
  -4.20778815293822073487062721316208857E-0003
  -1.25521189713215375602677572950593050E-0004
   1.08150829710330000903176497852900851E-0007
   1.38197897883323336708213364458026439E-0009
  0.967536920249749703242363352035031105      
  -4.95746939076644241076852932079236527E-0003
  -1.24343193759231988974415608158982395E-0004
   1.27419538051983330752221485496075461E-0007
   1.36888520431547184292177444693369091E-0009
  0.956878848489429856730147543781979657      
  -5.69950657011865152888242272871015626E-0003
  -1.22973469613046334316477195362869911E-0004
   1.46491774701512852333491061633928981E-0007
   1.35368070803143469929570100793289757E-0009
  0.944745338900701769810318633159421510      
  -6.43275552344821463110667849628914118E-0003
  -1.21414129290012243350477509666271352E-0004
   1.65338131652388279447383940392855179E-0007
   1.33638893421234804709532851558516914E-0009
  0.931155100475896942730765364200750677      
  -7.15608563401604185074304729685513629E-0003
  -1.19667577179884593428602163263484573E-0004
   1.83929549188202563356957579450664595E-0007
   1.31703654552010814988302941744832821E-0009
  0.916129088377626293794104302360488884      
  -7.86838157921964985310164445088538021E-0003
  -1.17736506339424579158597396705018157E-0004
   2.02237360690648302195340821455796813E-0007
   1.29565338193538932813869095173650518E-0009
  0.899690471627438273806126505468393598      
  -8.56854505033977466996414475565664883E-0003
  -1.15623894339901383289544882764562257E-0004
   2.20233336841365373036303813687287190E-0007
   1.27227241474655660440153447472158191E-0009
  0.881864597380866962545867713526085130      
  -9.25549644605280980063947223638487966E-0003
  -1.13332998675893098302832413614631072E-0004
   2.37889729149503741393158744653889303E-0007
   1.24692969571032885105822769164687416E-0009
  0.862678951843955433696377623837370887      
  -9.92817653709779614829026845108740440E-0003
  -1.10867351742466194910479717107202006E-0004
   2.55179312737885101234432081764294982E-0007
   1.21966430146258301329479165646791852E-0009
  0.842163117891518276380568889617214470      
  -1.05855480995311679505186457019013635E-0002
  -1.08230755388478362659100516844970720E-0004
   2.72075428321790185470262504925547264E-0007
   1.19051827326501391791519148484696649E-0009
  0.820348729452492840604326663357831414      
  -1.12265975140508942666517201539484469E-0002
  -1.05427275054403134874804201494170659E-0004
   2.88552023315643499559955088832899319E-0007
   1.15953655218055595135222968739670726E-0009
  0.797269422732713688770710851537990378      
  -1.18503363289239741168797195225010420E-0002
  -1.02461233503715347478424939539935204E-0004
   3.04583692004211949853412945467449981E-0007
   1.12676690977752140806405588609654074E-0009
  0.772960784350321199617182925089129009      
  -1.24558027841073643589867512075300721E-0002
  -9.93372041575031809353396132405744136E-0005
   3.20145714716376290048102995960786777E-0007
   1.09225987446930470531884280763929654E-0009
  0.747460296463775765288012265752890128      
  -1.30420632942122563023768444598843085E-0002
  -9.60600040425843304542314718742247223E-0005
   3.35214095941072269562713545831231920E-0007
   1.05606865360323130146367972251792195E-0009
  0.720807278977086206449107672288331638      
  -1.36082138880250776322513801872582822E-0002
  -9.26346863639997981696169233373692689E-0005
   3.49765601326629465275236823201937267E-0007
   1.01824905141868466553282566663754781E-0009
  0.693042828911367754180558787862085397      
  -1.41533816023655825975344057414424234E-0002
  -8.90665327133379835242008603518712194E-0005
   3.63777793506457497912511098848512447E-0007
   9.78859383001013919894615097233514288E-0010
  0.664209757036214261801670863727654739      
  -1.46767258281328023163257675347748318E-0002
  -8.53610449249032713517552543907956844E-0005
   3.77229066695839021643085642033965102E-0007
   9.37960384363898993606883959067570488E-0010
  0.634352521858594477628093804121726209      
  -1.51774396064633499068677376480005334E-0002
  -8.15239365922863154210215651460791917E-0005
   3.90098680006483739709035112657506548E-0007
   8.95615118798819762054221371057291860E-0010
  0.603517161071056716028212408985758257      
  -1.56547508730034982849412155078253793E-0002
  -7.75611242584168511721604871413060112E-0005
   4.02366789427474818491662306372749168E-0007
   8.51888879636031503527873142210994407E-0010
  0.571751220564943826442786470656324938      
  -1.61079236483764532703671734629445878E-0002
  -7.34787182926833376507992622831916166E-0005
   4.14014478423295398665836352585456290E-0007
   8.06849089566982200569175381989561861E-0010
  0.539103681118074937660795768484173367      
  -1.65362591730092077542723360802637245E-0002
  -6.92830134691862489122554090048771621E-0005
   4.25023787101755264351969009399473648E-0007
   7.60565196683409221340999906271726242E-0010
  0.505624882869936258318989390463155401      
  -1.69390969845691561718843710306222242E-0002
  -6.49804792606526654187675016556673435E-0005
   4.35377739906842841475294115250066815E-0007
   7.13108567393415558708079750276836401E-0010
  0.471366447700834715263399280851363418      
  -1.73158159363491401155031910833394910E-0002
  -6.05777498629782456186943210959586861E-0005
   4.45060371793802154768933830069140748E-0007
   6.64552376379641275867815276763945435E-0010
  0.436381199634700148791290656016041509      
  -1.76658351550306491613337233374141504E-0002
  -5.60816139657780109518861413640933324E-0005
   4.54056752846074671960476159498634014E-0007
   6.14971493769206682171609566161709024E-0010
  0.400723083388269174468502153556786892      
  -1.79886149363483754745667660654671767E-0002
  -5.14990042847190135254803193004796770E-0005
   4.62353011296148495089866020326723235E-0007
   5.64442369689403008673973399502344250E-0010
  0.364447081192241966334332432009511460      
  -1.82836575772750723685688303033816204E-0002
  -4.68369868717752707749019819087921537E-0005
   4.69936354914818418090032064741751446E-0007
   5.13042916387137340817202410463843351E-0010
  0.327609128012667708811449182375003074      
  -1.85505081434435480842444745036829811E-0002
  -4.21027502198877791926442372901532217E-0005
   4.76795090735876161945955051230824005E-0007
   4.60852388093895080012386726674218299E-0010
  0.290266025303281196077414215361430462      
  -1.87887551706224856990190566967939814E-0002
  -3.73035941788294316736626855652444036E-0005
   4.82918643085816744763630067264027689E-0007
   4.07951258821459454439793426776673111E-0010
  0.252475353421778224506247591367060542      
  -1.89980312991644642951239222323140969E-0002
  -3.24469186993657713807006271236565138E-0005
   4.88297569890760486345462447195378904E-0007
   3.54421098276818222039945157416228268E-0010
  0.214295382845077533329891711629935867      
  -1.91780138404479085242524346467813520E-0002
  -2.75402124230672704075816042876381240E-0005
   4.92923577235446555490326916344090430E-0007
   3.00344446087587785692526333792275561E-0010
  0.175784984320468924360889709517054527      
  -1.93284252744395541388896556274354446E-0002
  -2.25910411353668156798667927632861039E-0005
   4.96789532151849147225255732036936879E-0007
   2.45804684531890000274291359490504642E-0010
  0.137003538091187978000971777144775976      
  -1.94490336776102242325132757967599409E-0002
  -1.76070360996669505105296370182360265E-0005
   4.99889473617697170760855940138840694E-0007
   1.90885909968922976837014998139773252E-0010
   9.80108423363849498618716329553489483E-0002
  -1.95396530805441010776575787311265190E-0002
  -1.25958822904848328833943881657731688E-0005
   5.02218621747938528000237835080275986E-0007
   1.35672803168470624827280587134772036E-0010
   5.88670209666667795563456042997302497E-0002
  -1.96001437546900859847032227333079224E-0002
  -7.56530654377854805999872250765419133E-0006
   5.03773385164976410894614391794867932E-0007
   8.02504987392934299294017437508207523E-0011
   1.96324309173848027694077595746360326E-0002
  -1.96304124278130973686437541186681077E-0002
  -2.52306564272611345435871444986221963E-0006
   5.04551366536313247480432610337962645E-0007
   2.47044538577324249329803315626678356E-0011
  -1.96324309173848025587811890919536681E-0002
  -1.96304124278130967384314963856903219E-0002
   2.52306564267195900984485857360804542E-0006
   5.04551366271063651009687429662349759E-0007
  -3.08796835010626684385310513053303445E-0011
  -5.88670209666667793460438047222135127E-0002
  -1.96001437546900840950381911571043967E-0002
   7.56530654372447711771311455883386101E-0006
   5.03773384369636617134462470680311218E-0007
  -8.64162066261032313240809256549072529E-0011
  -9.80108423363849496522188744149683253E-0002
  -1.95396530805440979314534998247337183E-0002
   1.25958822904309288168108924762456587E-0005
   5.02218620423734893265279119102069193E-0007
  -1.41819482224097945842132472867969383E-0010
 -0.137003538091187977792291328999260139      
  -1.94490336776102198346213682084307059E-0002
   1.76070360996132964358118806482663457E-0005
   4.99889471766671521075657662806608635E-0007
  -1.97004082459784225390517232484079379E-0010
 -0.175784984320468924153503341891995258      
  -1.93284252744395484960911499131081044E-0002
   2.25910411353134943277090655922746204E-0005
   4.96789529776855629976617039598037368E-0007
  -2.51884916679458256537641652844811673E-0010
 -0.214295382845077533124119199272537604      
  -1.91780138404479016452481171040724344E-0002
   2.75402124230143639956441248186900965E-0005
   4.92923574340147238538881149164873545E-0007
  -3.06377362614595516692370648269077746E-0010
 -0.252475353421778224302406220576696874      
  -1.89980312991644561905207189186939214E-0002
   3.24469186993133614868358697263845030E-0005
   4.88297566479619711382468016562674840E-0007
  -3.60397396863255294542449852775934531E-0010
 -0.290266025303281195875818294757125006      
  -1.87887551706224763813136783184013856E-0002
   3.73035941787775991101282448049836077E-0005
   4.82918639164094243619664474602679114E-0007
  -4.13861724448076344971815135119083892E-0010
 -0.327609128012667708612409558254378862      
  -1.85505081434435375678041473932622674E-0002
   4.21027502198366038814961841268418210E-0005
   4.76795086309618946465665117610687759E-0007
  -4.66687907251094639707743315691328081E-0010
 -0.364447081192241966138156009046291089      
  -1.82836575772750606696091431984843773E-0002
   4.68369868717248316247608460980328564E-0005
   4.69936349990851456078165618721670543E-0007
  -5.18794491127346033867684505683109386E-0010
 -0.400723083388269174275491421576011338      
  -1.79886149363483626111266668461220966E-0002
   5.14990042846693883098597159418122259E-0005
   4.62353005882064186705600545528552955E-0007
  -5.70101131501253886471569980919033592E-0010
 -0.436381199634700148601743223576742784      
  -1.76658351550306351532477042758890080E-0002
   5.60816139657292761892716500492522981E-0005
   4.54056746950221142786681464089513820E-0007
  -6.20528717252141108616672611737730795E-0010
 -0.471366447700834715077607416355686575      
  -1.73158159363491249843707054946765490E-0002
   6.05777498629304764545575273038774608E-0005
   4.45060365425270383607607469526933496E-0007
  -6.69999492697844159137648947341015456E-0010
 -0.505624882869936258137239571499695593      
  -1.69390969845691399410365284812384477E-0002
   6.49804792606059355096971262643289711E-0005
   4.35377733075452642717176020651168206E-0007
  -7.18437177488339096519237312864191974E-0010
 -0.539103681118074937483368240100255828      
  -1.65362591730091904487359275080879242E-0002
   6.92830134691406303123841871179742410E-0005
   4.25023779818040146534505299886196174E-0007
  -7.65767084224512405752907006448211241E-0010
 -0.571751220564943826269954813240535990      
  -1.61079236483764349168260816796361321E-0002
   7.34787182926389007007016932742801465E-0005
   4.14014470698486322566498500348259726E-0007
  -8.11916233620716980701033321313153066E-0010
 -0.603517161071056715860243116426729773      
  -1.56547508730034789116952705857683110E-0002
   7.75611242583736643903927670648205439E-0005
   4.02366781273482879800464602324204817E-0007
  -8.56813467033540947792326324665803681E-0010
 -0.634352521858594477465245872893937783      
  -1.51774396064633295437890806333674276E-0002
   8.15239365922444453984709394380050627E-0005
   3.90098671435881802982314054358318844E-0007
  -9.00389556183278125770286224171782095E-0010
 -0.664209757036214261644195393537617934      
  -1.46767258281327809948127897713125423E-0002
   8.53610449248627826489616963481321177E-0005
   3.77229057721842333857653490236477036E-0007
  -9.42577309898917566816527245053042621E-0010
 -0.693042828911367754028698594470783545      
  -1.41533816023655603504633348267554687E-0002
   8.90665327132989385718093979177252491E-0005
   3.63777784142903311512677830494619786E-0007
  -9.83311677722059142207787663927501468E-0010
 -0.720807278977086206303096913106903223      
  -1.36082138880250544939255872128099170E-0002
   9.26346863639622571721141095414344650E-0005
   3.49765591587955702132485070350473425E-0007
  -1.02252985021000544403510555727729061E-0009
 -0.747460296463775765148076078788926913      
  -1.30420632942122323084739506991663876E-0002
   9.60600040425483512971144302790140661E-0005
   3.35214085842295258746654233604017359E-0007
  -1.06017135578336990538584571702002867E-0009
 -0.772960784350321199483537081800160802      
  -1.24558027841073395465036158099258900E-0002
   9.93372041574688190958607969943820269E-0005
   3.20145704273067613735455227096812356E-0007
  -1.09617815396886914692193484604151927E-0009
 -0.797269422732713688643561424127520857      
  -1.18503363289239485240753930381440495E-0002
   1.02461233503682655940050229169841973E-0004
   3.04583681232474433076938302246348871E-0007
  -1.13049472489352592242827446115578143E-0009
 -0.820348729452492840483869707026960493      
  -1.12265975140508679329884518508242962E-0002
   1.05427275054372164045516240835927255E-0004
   2.88552012232086380819413153874548496E-0007
  -1.16306815489228908905851449084267324E-0009
 -0.842163117891518276266990140261703151      
  -1.05855480995311409166010356377242250E-0002
   1.08230755388449160293673257444843933E-0004
   2.72075416943503506490505847948216245E-0007
  -1.19384821809706985724817218783332832E-0009
 -0.862678951843955433589852211656377524      
  -9.92817653709776845580265812316452879E-0003
   1.10867351742438806036844018137200490E-0004
   2.55179301082413355359777482278449669E-0007
  -1.22278745388138994008901637947163931E-0009
 -0.881864597380866962446559892984079453      
  -9.25549644605278149228167034829657359E-0003
   1.13332998675867565152646236144671403E-0004
   2.37889717234818821250300485823011761E-0007
  -1.24984124004122756801844935807823128E-0009
 -0.899690471627438273714189402026702245      
  -8.56854505033974578938558720719938697E-0003
   1.15623894339877745233075134262941843E-0004
   2.20233324685838859178512092805553319E-0007
  -1.27496786159922180852281368078092588E-0009
 -0.916129088377626293709679676368833308      
  -7.86838157921962044483409007168971938E-0003
   1.17736506339402872644013832984698158E-0004
   2.02237348313023135456847322277558019E-0007
  -1.29812857512614409482176647500329938E-0009
 -0.931155100475896942653983392313197849      
  -7.15608563401601196013191310206024034E-0003
   1.19667577179864851925776952629664880E-0004
   1.83929536607564144596704544322209103E-0007
  -1.31928766848045791654986144145783758E-0009
 -0.944745338900701769741297707611383690      
  -6.43275552344818430424112034009221202E-0003
   1.21414129289994497299377115940722692E-0004
   1.65338118888135041244237127720209217E-0007
  -1.33841251587385260140183911481477638E-0009
 -0.956878848489429856668994089837881621      
  -5.69950657011862081252426916671701943E-0003
   1.22973469613030611080226155881239646E-0004
   1.46491761773326348009229571905485288E-0007
  -1.35547362817784412587994978938347796E-0009
 -0.967536920249749703189171663888392472      
  -4.95746939076641135228017825975881786E-0003
   1.24343193759218312797104579156929599E-0004
   1.27419524979797886842863027457552368E-0007
  -1.37044469839387382298823821265573352E-0009
 -0.976703120207519347467091431020105207      
  -4.20778815293818938214201652629501380E-0003
   1.25521189713203767571980698911284363E-0004
   1.08150816514301979872327662197095572E-0007
  -1.38330264221679339040500449120242544E-0009
 -0.984363314746783334779134490088669454      
  -3.45161881076470596138101294600077998E-0003
   1.26505641090608779806848078950718299E-0004
   8.87153473286685721696501853041735540E-0008
  -1.39402763362919024535099151080118823E-0009
 -0.990505692402784095904170628725059390      
  -2.69012732256334535852868840076240831E-0003
   1.27295029938763850195351316184960053E-0004
   6.91430855076710027231854544505038530E-0008
  -1.40260313547166935638408019950187713E-0009
 -0.995120782074384491251832349797085248      
  -1.92448785301490998950233120944409103E-0003
   1.27888139077281168686469703251401436E-0004
   4.94642100604114140632070095271042079E-0008
  -1.40901592494195439331429065856499799E-0009
 -0.998201467627819285227367318831328668      
  -1.15588096268678777403308149274136136E-0003
   1.28284053974858549493223462232117802E-0004
   2.97090643864761349727567702331933032E-0008
  -1.41325611398349042947747831115369843E-0009
 -0.999742998869257624560620610353439461      
  -3.85491787694125960354469069545152907E-0004
   1.28482164159420412512081948559654249E-0004
   9.90810948861285184327380316004123699E-0009
  -1.41531716453211044879630151437855031E-0009
 -0.999742998869257624564756784949377569      
   3.85491787694158052676358368194131953E-0004
   1.28482164159421475968782310677458734E-0004
  -9.90812299592777073603485318715875973E-0009
  -1.41519589859725640297503127686878776E-0009
 -0.998201467627819285239769464937674229      
   1.15588096268681981687093653600622970E-0003
   1.28284053974861738223551397488557909E-0004
  -2.97090778729637532903003207452437322E-0008
  -1.41289250316221030665938881991563603E-0009
 -0.995120782074384491272481344203463881      
   1.92448785301494193344841853603495111E-0003
   1.27888139077286477773634169763968576E-0004
  -4.94642235052765454182096827289444290E-0008
  -1.40841052989577956938859941896018121E-0009
 -0.990505692402784095933034632178792626      
   2.69012732256337715432775848740908342E-0003
   1.27295029938771271453124716660250527E-0004
  -6.91430988901826395863620732450278925E-0008
  -1.40175688967588112466030859626137125E-0009
 -0.984363314746783334816168996388527940      
   3.45161881076473756000624823216293110E-0003
   1.26505641090618301792188830297171038E-0004
  -8.87153606281918515807505425514837990E-0008
  -1.39294184193346859244276490119362793E-0009
 -0.976703120207519347512239335641691300      
   4.20778815293822073487062721315177206E-0003
   1.25521189713215375602677572953128427E-0004
  -1.08150829710330000903176498318843325E-0007
  -1.38197897883323336708213354495959216E-0009
 -0.967536920249749703242363352035161394      
   4.95746939076644241076852932079297916E-0003
   1.24343193759231988974415608160096364E-0004
  -1.27419538051983330752221485659944356E-0007
  -1.36888520431547184292177470625818148E-0009
 -0.956878848489429856730147543782118228      
   5.69950657011865152888242272869504222E-0003
   1.22973469613046334316477195357204592E-0004
  -1.46491774701512852333491061515637951E-0007
  -1.35368070803143469929570067301564716E-0009
 -0.944745338900701769810318633159595325      
   6.43275552344821463110667849628146756E-0003
   1.21414129290012243350477509673173938E-0004
  -1.65338131652388279447383941289396018E-0007
  -1.33638893421234804709532889981839040E-0009
 -0.931155100475896942730765364200929596      
   7.15608563401604185074304729684827366E-0003
   1.19667577179884593428602163259848981E-0004
  -1.83929549188202563356957579010495753E-0007
  -1.31703654552010814988302951213888609E-0009
 -0.916129088377626293794104302360694958      
   7.86838157921964985310164445086864418E-0003
   1.17736506339424579158597396705810370E-0004
  -2.02237360690648302195340820620486877E-0007
  -1.29565338193538932813869078546123881E-0009
 -0.899690471627438273806126505468618835      
   8.56854505033977466996414475565402626E-0003
   1.15623894339901383289544882766072697E-0004
  -2.20233336841365373036303814609058501E-0007
  -1.27227241474655660440153464220367755E-0009
 -0.881864597380866962545867713526319227      
   9.25549644605280980063947223637739712E-0003
   1.13332998675893098302832413613431668E-0004
  -2.37889729149503741393158744601627926E-0007
  -1.24692969571032885105822764005630166E-0009
 -0.862678951843955433696377623837622028      
   9.92817653709779614829026845107887012E-0003
   1.10867351742466194910479717107376497E-0004
  -2.55179312737885101234432081837490903E-0007
  -1.21966430146258301329479194908279313E-0009
 -0.842163117891518276380568889617490360      
   1.05855480995311679505186457018841941E-0002
   1.08230755388478362659100516845209921E-0004
  -2.72075428321790185470262503600581597E-0007
  -1.19051827326501391791519146764527136E-0009
 -0.820348729452492840604326663358120014      
   1.12265975140508942666517201539550056E-0002
   1.05427275054403134874804201496026036E-0004
  -2.88552023315643499559955090927457234E-0007
  -1.15953655218055595135222969572596489E-0009
 -0.797269422732713688770710851538285912      
   1.18503363289239741168797195224835522E-0002
   1.02461233503715347478424939537534128E-0004
  -3.04583692004211949853412944016985966E-0007
  -1.12676690977752140806405606084096051E-0009
 -0.772960784350321199617182925089454684      
   1.24558027841073643589867512075193546E-0002
   9.93372041575031809353396132405523378E-0005
  -3.20145714716376290048102996009133298E-0007
  -1.09225987446930470531884219753791352E-0009
 -0.747460296463775765288012265753227358      
   1.30420632942122563023768444598845794E-0002
   9.60600040425843304542314718750826333E-0005
  -3.35214095941072269562713546451338388E-0007
  -1.05606865360323130146367981765620012E-0009
 -0.720807278977086206449107672288670794      
   1.36082138880250776322513801872563909E-0002
   9.26346863639997981696169233382449417E-0005
  -3.49765601326629465275236823304933761E-0007
  -1.01824905141868466553282599341268340E-0009
 -0.693042828911367754180558787862438613      
   1.41533816023655825975344057414256919E-0002
   8.90665327133379835242008603488088803E-0005
  -3.63777793506457497912511097345794586E-0007
  -9.78859383001013919894614933599407378E-0010
 -0.664209757036214261801670863728034147      
   1.46767258281328023163257675347697657E-0002
   8.53610449249032713517552543931056953E-0005
  -3.77229066695839021643085643076097644E-0007
  -9.37960384363898993606884037328311843E-0010
 -0.634352521858594477628093804122112165      
   1.51774396064633499068677376479980989E-0002
   8.15239365922863154210215651457073593E-0005
  -3.90098680006483739709035113790654358E-0007
  -8.95615118798819762054221249501639264E-0010
 -0.603517161071056716028212408986159332      
   1.56547508730034982849412155078125959E-0002
   7.75611242584168511721604871405446788E-0005
  -4.02366789427474818491662305275719662E-0007
  -8.51888879636031503527873196800543194E-0010
 -0.571751220564943826442786470656747198      
   1.61079236483764532703671734629385964E-0002
   7.34787182926833376507992622862371579E-0005
  -4.14014478423295398665836352290453172E-0007
  -8.06849089566982200569175301568505881E-0010
 -0.539103681118074937660795768484592449      
   1.65362591730092077542723360802678201E-0002
   6.92830134691862489122554090010314971E-0005
  -4.25023787101755264351969011489744406E-0007
  -7.60565196683409221340999439957954867E-0010
 -0.505624882869936258318989390463589506      
   1.69390969845691561718843710306109063E-0002
   6.49804792606526654187675016594688335E-0005
  -4.35377739906842841475294113964185142E-0007
  -7.13108567393415558708080197050744417E-0010
 -0.471366447700834715263399280851805467      
   1.73158159363491401155031910833358347E-0002
   6.05777498629782456186943210936250477E-0005
  -4.45060371793802154768933829554542152E-0007
  -6.64552376379641275867814975486042738E-0010
 -0.436381199634700148791290656016491551      
   1.76658351550306491613337233374119446E-0002
   5.60816139657780109518861413639413586E-0005
  -4.54056752846074671960476160525478150E-0007
  -6.14971493769206682171609526187200098E-0010
 -0.400723083388269174468502153557247864      
   1.79886149363483754745667660654612665E-0002
   5.14990042847190135254803193030387341E-0005
  -4.62353011296148495089866019552544401E-0007
  -5.64442369689403008673973726042397113E-0010
 -0.364447081192241966334332432009975079      
   1.82836575772750723685688303033793965E-0002
   4.68369868717752707749019819061749567E-0005
  -4.69936354914818418090032064663183011E-0007
  -5.13042916387137340817202248719413742E-0010
 -0.327609128012667708811449182375477383      
   1.85505081434435480842444745036785243E-0002
   4.21027502198877791926442372918487900E-0005
  -4.76795090735876161945955051185236451E-0007
  -4.60852388093895080012386714752146295E-0010
 -0.290266025303281196077414215361906793      
   1.87887551706224856990190566967934818E-0002
   3.73035941788294316736626855636935974E-0005
  -4.82918643085816744763630067479671944E-0007
  -4.07951258821459454439793383286626148E-0010
 -0.252475353421778224506247591367543758      
   1.89980312991644642951239222323106784E-0002
   3.24469186993657713807006271247559125E-0005
  -4.88297569890760486345462447433511100E-0007
  -3.54421098276818222039945212779013368E-0010
 -0.214295382845077533329891711630423825      
   1.91780138404479085242524346467791281E-0002
   2.75402124230672704075816042874287067E-0005
  -4.92923577235446555490326916441668951E-0007
  -3.00344446087587785692526275621543173E-0010
 -0.175784984320468924360889709517549828      
   1.93284252744395541388896556274300370E-0002
   2.25910411353668156798667927630617844E-0005
  -4.96789532151849147225255731636119479E-0007
  -2.45804684531890000274291370503508818E-0010
 -0.137003538091187978000971777145276501      
   1.94490336776102242325132757967621527E-0002
   1.76070360996669505105296370204446012E-0005
  -4.99889473617697170760855940290592791E-0007
  -1.90885909968922976837015320377509795E-0010
  -9.80108423363849498618716329558507855E-0002
   1.95396530805441010776575787311181171E-0002
   1.25958822904848328833943881650039694E-0005
  -5.02218621747938528000237831735359975E-0007
  -1.35672803168470624827280037174129564E-0010
  -5.88670209666667795563456043002236127E-0002
   1.96001437546900859847032227333058159E-0002
   7.56530654377854805999872248083648525E-0006
  -5.03773385164976410894614401545592654E-0007
  -8.02504987392934299293983265439012265E-0011
  -1.96324309173848027694077595750703990E-0002
   1.96304124278130973686437541189115272E-0002
   2.52306564272611345435871462342793406E-0006
  -5.04551366536313247480432596962770621E-0007
  -2.47044538577324249329934747854733060E-0011
