  0.155790573933486187331541152054630353      
  0.154761189196650587530199591454000281      
  -1.53690256883527392026377608978981001E-0003
  0.452123792785785059232644420331800776      
  0.139609619701697393373840371076220104      
  -3.95081140303015225313939539768883605E-0003
  0.704199984668515063144878287867658048      
  0.110792087912924532840159848595832011      
  -5.97798729017477516610225262338028609E-0003
  0.887344175602091924382039542282423539      
   7.11294546253674027934161652899529160E-0002
  -7.41999613027050175349718046101430002E-0003
  0.983628936137326038935506565124833562      
   2.45041747310277070319329972557988146E-0002
  -8.13568405098239263028257655047600207E-0003
  0.983629243057654864186176423836982321      
  -2.45197445166095170876419375946098592E-0002
  -8.05499453214021208962046008102520576E-0003
  0.887345066319578175044522021830324176      
  -7.11435003318553903024829629117548268E-0002
  -7.18582602604516845570759369704869723E-0003
  0.704201371993525191357030613892223896      
 -0.110803234648705462057785739294117802      
  -5.61325880192691869100528726208464035E-0003
  0.452125540917281011922352592518621660      
 -0.139616776346609152024455703025418665      
  -3.49122669640227707126349368023867202E-0003
  0.155792511752177192320249312006166034      
 -0.154763655208425935550568007485831483      
  -1.02744899702705610174261224439299405E-0003
 -0.155790573933486187331541152054303186      
 -0.154761189196650587530199591453697091      
   1.53690256883527392026377608971877629E-0003
 -0.452123792785785059232644420331299601      
 -0.139609619701697393373840371076316642      
   3.95081140303015225313939539767423660E-0003
 -0.704199984668515063144878287867324477      
 -0.110792087912924532840159848595871408      
   5.97798729017477516610225262338682447E-0003
 -0.887344175602091924382039542282187228      
  -7.11294546253674027934161652900286893E-0002
   7.41999613027050175349718046100804526E-0003
 -0.983628936137326038935506565124757102      
  -2.45041747310277070319329972558737393E-0002
   8.13568405098239263028257655047691388E-0003
 -0.983629243057654864186176423837058877      
   2.45197445166095170876419375945300505E-0002
   8.05499453214021208962046008102535021E-0003
 -0.887345066319578175044522021830551340      
   7.11435003318553903024829629116870220E-0002
   7.18582602604516845570759369705204504E-0003
 -0.704201371993525191357030613892573163      
  0.110803234648705462057785739294058303      
   5.61325880192691869100528726208123537E-0003
 -0.452125540917281011922352592519100831      
  0.139616776346609152024455703025361537      
   3.49122669640227707126349368026285636E-0003
 -0.155792511752177192320249312006503626      
  0.154763655208425935550568007486079278      
   1.02744899702705610174261224445295272E-0003
