  0.155791947215440563477603378296856405      
  0.154763250548085002817862247437545864      
  -1.28435173878104848631579604901096194E-0003
  -2.54852733380206825583438680291347672E-0004
   1.00384808872894427683299367547187703E-0006
  0.452125840530062233105755538764482112      
  0.139613944813296369682722804809937297      
  -3.72734192909884823351150424491357892E-0003
  -2.29905057932783816374995468504752235E-0004
   2.71646401749409900820088099010040628E-0006
  0.704202506427637711641067012109964915      
  0.110798253412629937891758207377199278      
  -5.80547392147816732458242531078293548E-0003
  -1.82452673572170849775131341198778443E-0004
   4.16317352150920554634249107157193417E-0006
  0.887346924528706993712310332405790583      
   7.11368569911105091325414685349324547E-0002
  -7.31532567730793126955952913537979027E-0003
  -1.17140550299787466206837912687171540E-0004
   5.20236259470344424189188721356620894E-0006
  0.983631643147343548171029270195241508      
   2.45120893676742645815290696514268854E-0002
  -8.10910238697176442991215376433125557E-0003
  -4.03618937978553002484900781990228592E-0005
   5.73230817013654172798876689764173770E-0006
  0.983631643170073451688326574031610853      
  -2.45120923488389894671860949252639125E-0002
  -8.10910365556022994095575117669642577E-0003
   4.03676660868610116902693969863923637E-0005
   5.70113548253716746410344577490446146E-0006
  0.887346924594671742939379099721761026      
  -7.11368596804580597503902161518594122E-0002
  -7.31532935889505002289852738855404673E-0003
   1.17145757556927396244337193794965072E-0004
   5.11189593176043393543003953671592282E-0006
  0.704202506530380217320128600481751811      
 -0.110798255546908238201132009205303607      
  -5.80547965568454101086370830544355627E-0003
   1.82456806074835048186339212060897110E-0004
   4.02226839050972531554625111121555405E-0006
  0.452125840659525342931813463339840866      
 -0.139613946183587389258023325863439984      
  -3.72734915462040443125300288625764681E-0003
   2.29907711162818672301134611146187838E-0004
   2.53891319440415347695077005504281420E-0006
  0.155791947358951526238356820091707311      
 -0.154763251020255109284127250555016024      
  -1.28435974833339410595598201925349504E-0003
   2.54853647620970386664227370874284889E-0004
   8.07031485181903085133811573663828189E-0007
 -0.155791947215440563477603378296411852      
 -0.154763250548085002817862247437360710      
   1.28435173878104848631579604873651767E-0003
   2.54852733380206825583438680342112995E-0004
  -1.00384808872894427683299365014304291E-0006
 -0.452125840530062233105755538764041026      
 -0.139613944813296369682722804809938621      
   3.72734192909884823351150424486598513E-0003
   2.29905057932783816374995468486157442E-0004
  -2.71646401749409900820088097365560435E-0006
 -0.704202506427637711641067012109615358      
 -0.110798253412629937891758207377242563      
   5.80547392147816732458242531076551108E-0003
   1.82452673572170849775131341191903752E-0004
  -4.16317352150920554634249106477841804E-0006
 -0.887346924528706993712310332405561686      
  -7.11368569911105091325414685349995613E-0002
   7.31532567730793126955952913536926536E-0003
   1.17140550299787466206837912687245866E-0004
  -5.20236259470344424189188721116077943E-0006
 -0.983631643147343548171029270195164952      
  -2.45120893676742645815290696515072087E-0002
   8.10910238697176442991215376432883161E-0003
   4.03618937978553002484900782010137058E-0005
  -5.73230817013654172798876689731786256E-0006
 -0.983631643170073451688326574031689623      
   2.45120923488389894671860949251897612E-0002
   8.10910365556022994095575117669786570E-0003
  -4.03676660868610116902693969859567961E-0005
  -5.70113548253716746410344577522155840E-0006
 -0.887346924594671742939379099721986070      
   7.11368596804580597503902161517869009E-0002
   7.31532935889505002289852738855632926E-0003
  -1.17145757556927396244337193793727618E-0004
  -5.11189593176043393543003953709441658E-0006
 -0.704202506530380217320128600482104160      
  0.110798255546908238201132009205249211      
   5.80547965568454101086370830544598400E-0003
  -1.82456806074835048186339212062944045E-0004
  -4.02226839050972531554625111119672263E-0006
 -0.452125840659525342931813463340281712      
  0.139613946183587389258023325863417258      
   3.72734915462040443125300288626645944E-0003
  -2.29907711162818672301134611153848018E-0004
  -2.53891319440415347695077005846323754E-0006
 -0.155791947358951526238356820092147555      
  0.154763251020255109284127250555186830      
   1.28435974833339410595598201946370503E-0003
  -2.54853647620970386664227370818846553E-0004
  -8.07031485181903085133811594681224443E-0007
