   3.92497259419826363673991029554572960E-0002
   3.92335815825350433769419882971525287E-0002
  -2.01790941390543347688461055750442800E-0005
  -4.03270259296122270523131734021648355E-0006
  0.117507190213737170256476119406580982      
   3.89916935055107445179356726506480540E-0002
  -6.04126176643243039321756406504624901E-0005
  -4.00606141786470246112307705177762403E-0006
  0.195040183582718100202874968091166722      
   3.85094086719711437748255288160275805E-0002
  -1.00273677312459774127557667101101706E-0004
  -3.95472154197644415913765496133128971E-0006
  0.271370689362469086568158247495471485      
   3.77897005282909941804919439798823290E-0002
  -1.39516516395582583681863183361225794E-0004
  -3.87899949270354005976865668131986162E-0006
  0.346028104602389092533477113671478778      
   3.68370063145033274966953804075965295E-0002
  -1.77899189761177073105700927277235349E-0004
  -3.77936212165989416846467675141815261E-0006
  0.418552141511414200614772103142954129      
   3.56571997072391185318431543980431527E-0002
  -2.15185055464410271554370407964875609E-0004
  -3.65642372637077860234954243391339547E-0006
  0.488495665285310744215948332379412917      
   3.42575546065576594998726326051374130E-0002
  -2.51144233744413224007133944628586729E-0004
  -3.51094226292431563158233025201535923E-0006
  0.555427450841430818729254234654563372      
   3.26467002899338772632077762470414387E-0002
  -2.85555024309449525937441120975846022E-0004
  -3.34381467292014842975486081367113309E-0006
  0.618934841464743697127333735683776863      
   3.08345682098931744614892096616552510E-0002
  -3.18205273192936706314387748033153118E-0004
  -3.15607135352621592540511322984623663E-0006
  0.678626292973706276850902934541883173      
   2.88323307633040673121976596235554287E-0002
  -3.48893680753198561358840838739594254E-0004
  -2.94886980473757063041200830503551569E-0006
  0.734133787720343945684610926986117355      
   2.66523324098362922474997572962493293E-0002
  -3.77431042752695011861766200503563336E-0004
  -2.72348749300400133416977959335443931E-0006
  0.785115103541428631597938539592989350      
   2.43080135642619925969216204170434715E-0002
  -4.03641416865063331271426984783752030E-0004
  -2.48131397522456945425789070378618988E-0006
  0.831255923671915521043567697619987200      
   2.18138277318292568779887729134578145E-0002
  -4.27363207418066932424418145221687757E-0004
  -2.22384233166725176458958554170772296E-0006
  0.872271774612320490930183695334066913      
   1.91851523975959861157570252581679826E-0002
  -4.48450161684650720016250686638396948E-0004
  -1.95265996063258874692679594896328439E-0006
  0.907909780002441466107112876672133218      
   1.64381942191209792026530839866992203E-0002
  -4.66772271579637352168707056678548716E-0004
  -1.66943879161529825863654855830300351E-0006
  0.937950219688208987996753225603625438      
   1.35898891070308223867779361388149325E-0002
  -4.82216575202804434063001719482805645E-0004
  -1.37592497730296762243814842677415862E-0006
  0.962207884369500418282138837210006704      
   1.06577978094991145981729708891125004E-0002
  -4.94687853286563032619523839854276803E-0004
  -1.07392812796407995967641514401061715E-0006
  0.980533217477063536974381378643712270      
   7.65999764439443587297229040733827464E-0003
  -5.04109216254405981827091715035557058E-0004
  -7.65310154598952514032908965573049873E-0007
  0.992813237238498588269257137616059867      
   4.61497104660436936430236290709771125E-0003
  -5.10422578270715428175574352788045433E-0004
  -4.51973789639271459699720513113789749E-0007
  0.998972233248455376826965159342282340      
   1.54149161767838611985890674239390809E-0003
  -5.13589015359254915116919954272772910E-0004
  -1.35850855969927816686170244809371537E-0007
  0.998972233248458516280859359350146930      
  -1.54149161966856341960566944167724084E-0003
  -5.13589005382426416370903533288515275E-0004
   1.81109643401464199069204266420227270E-0007
  0.992813237238507987275162505538908528      
  -4.61497104858227655919507801098850320E-0003
  -5.10422548401740397264428689922713304E-0004
   4.96953541596218384621906395743300982E-0007
  0.980533217477079137584301021264262828      
  -7.65999764634787850743355943086978590E-0003
  -5.04109166677436582258481916596378555E-0004
   8.09733555953210079125977184960364095E-0007
  0.962207884369522124313124870705491589      
  -1.06577978114160490487757470891220873E-0002
  -4.94687784307257766757043357314269483E-0004
   1.11752129367401919139087674303816001E-0006
  0.937950219688236665623906633325350638      
  -1.35898891088994301151888634472514080E-0002
  -4.82216487246443656817334604908066853E-0004
   1.41841914100578813699674419848306418E-0006
  0.907909780002474944688658512877814870      
  -1.64381942209297396208513849519310950E-0002
  -4.66772165188501276189534907192888647E-0004
   1.71057196266102881129630426891798281E-0006
  0.872271774612359564059533573109722887      
  -1.91851523993337476142906334061557694E-0002
  -4.48450037514676077854797922056960088E-0004
   1.99217853934356503644326619570758140E-0006
  0.831255923671959947821886240974762225      
  -2.18138277334853055793548911808115421E-0002
  -4.27363066234802908456176175895073844E-0004
   2.26150267286445968393700150970467716E-0006
  0.785115103541478138119364011776865440      
  -2.43080135658261184101842516941871647E-0002
  -4.03641259538951696403542774065952044E-0004
   2.51688389038119395619568385493044928E-0006
  0.734133787720398226724976151038698152      
  -2.66523324112988518168955246156489039E-0002
  -3.77430870253703560564138648558104791E-0004
   2.75674768176490476615552504217437731E-0006
  0.678626292973764997749543781273427318      
  -2.88323307646560434716308285758528422E-0002
  -3.48893494144840937664191555136351687E-0004
   2.97961520697890692639424177140768020E-0006
  0.618934841464806495850383403995307964      
  -3.08345682111262318283591806008399940E-0002
  -3.18205073625715488548625427119179673E-0004
   3.18411241361928352755793611468538035E-0006
  0.555427450841497308101702428843824720      
  -3.26467002910404136288146129715374974E-0002
  -2.85554813013762995743352407637708122E-0004
   3.36897850840487487649936344659804415E-0006
  0.488495665285380514308703949369656161      
  -3.42575546075308526995616883864455156E-0002
  -2.51144012022969551789108390209173458E-0004
   3.53307373038711315604028198953935611E-0006
  0.418552141511486821272012394388864890      
  -3.56571997080729685059187678330190772E-0002
  -2.15184824684195887413432102701841571E-0004
   3.67538637795527932111086207786428082E-0006
  0.346028104602464116024701373730204209      
  -3.68370063151926932827841214860518750E-0002
  -1.77898951345028740928820023026291293E-0004
   3.79503904631335810613393772810456018E-0006
  0.271370689362546050348595236375442924      
  -3.77897005288316256092851897466507404E-0002
  -1.39516271813415139351356458722591935E-0004
   3.89129403697237216100157080195125100E-0006
  0.195040183582796529765225237691142331      
  -3.85094086723597076737865757445156456E-0002
  -1.00273428072203611761590237316163229E-0004
   3.96355790590687623695636512932936844E-0006
  0.117507190213816582056407304302136595      
  -3.89916935057448452614168177634104697E-0002
  -6.04123653026284835672827505796524585E-0005
   4.01138512233471422021404627864902566E-0006
   3.92497259420625408047575242391502799E-0002
  -3.92335815826132376560132736199575138E-0002
  -2.01788402118126299171426683240383423E-0005
   4.03448081556244514348377176122587175E-0006
  -3.92497259419826363673991029550602474E-0002
  -3.92335815825350433769419882968324331E-0002
   2.01790941390543347688461054594147857E-0005
   4.03270259296122270523131733340213178E-0006
 -0.117507190213737170256476119406076834      
  -3.89916935055107445179356726507281125E-0002
   6.04126176643243039321756406782423838E-0005
   4.00606141786470246112307706062226320E-0006
 -0.195040183582718100202874968090670289      
  -3.85094086719711437748255288160070814E-0002
   1.00273677312459774127557667080649456E-0004
   3.95472154197644415913765496059079439E-0006
 -0.271370689362469086568158247494993517      
  -3.77897005282909941804919439798881429E-0002
   1.39516516395582583681863183372771547E-0004
   3.87899949270354005976865667897502516E-0006
 -0.346028104602389092533477113671002255      
  -3.68370063145033274966953804076074892E-0002
   1.77899189761177073105700927273074522E-0004
   3.77936212165989416846467675339143735E-0006
 -0.418552141511414200614772103142499031      
  -3.56571997072391185318431543980516147E-0002
   2.15185055464410271554370407963901359E-0004
   3.65642372637077860234954243353585386E-0006
 -0.488495665285310744215948332378977320      
  -3.42575546065576594998726326051450685E-0002
   2.51144233744413224007133944630687619E-0004
   3.51094226292431563158233025171593143E-0006
 -0.555427450841430818729254234654138994      
  -3.26467002899338772632077762470487813E-0002
   2.85555024309449525937441120973652597E-0004
   3.34381467292014842975486081378262065E-0006
 -0.618934841464743697127333735683375692      
  -3.08345682098931744614892096616690967E-0002
   3.18205273192936706314387748033172678E-0004
   3.15607135352621592540511322977848408E-0006
 -0.678626292973706276850902934541513780      
  -2.88323307633040673121976596235739868E-0002
   3.48893680753198561358840838739211936E-0004
   2.94886980473757063041200830528643231E-0006
 -0.734133787720343945684610926985780895      
  -2.66523324098362922474997572962629733E-0002
   3.77431042752695011861766200503983927E-0004
   2.72348749300400133416977959324713137E-0006
 -0.785115103541428631597938539592679756      
  -2.43080135642619925969216204170569410E-0002
   4.03641416865063331271426984783813202E-0004
   2.48131397522456945425789070377603140E-0006
 -0.831255923671915521043567697619706303      
  -2.18138277318292568779887729134741819E-0002
   4.27363207418066932424418145220765417E-0004
   2.22384233166725176458958554165356095E-0006
 -0.872271774612320490930183695333823283      
  -1.91851523975959861157570252581888338E-0002
   4.48450161684650720016250686637476583E-0004
   1.95265996063258874692679594912175536E-0006
 -0.907909780002441466107112876671931670      
  -1.64381942191209792026530839867180583E-0002
   4.66772271579637352168707056680143861E-0004
   1.66943879161529825863654855825087567E-0006
 -0.937950219688208987996753225603456630      
  -1.35898891070308223867779361388305686E-0002
   4.82216575202804434063001719482239433E-0004
   1.37592497730296762243814842630656625E-0006
 -0.962207884369500418282138837209876992      
  -1.06577978094991145981729708891352294E-0002
   4.94687853286563032619523839854836151E-0004
   1.07392812796407995967641514473777135E-0006
 -0.980533217477063536974381378643617226      
  -7.65999764439443587297229040735133034E-0003
   5.04109216254405981827091715034483972E-0004
   7.65310154598952514032908964679250070E-0007
 -0.992813237238498588269257137616002475      
  -4.61497104660436936430236290712032663E-0003
   5.10422578270715428175574352789175601E-0004
   4.51973789639271459699720514019160274E-0007
 -0.998972233248455376826965159342261540      
  -1.54149161767838611985890674241074399E-0003
   5.13589015359254915116919954271054996E-0004
   1.35850855969927816686170244377864826E-0007
 -0.998972233248458516280859359350168597      
   1.54149161966856341960566944165444528E-0003
   5.13589005382426416370903533289688607E-0004
  -1.81109643401464199069204265976752902E-0007
 -0.992813237238507987275162505538968521      
   4.61497104858227655919507801097185143E-0003
   5.10422548401740397264428689922651614E-0004
  -4.96953541596218384621906396134372249E-0007
 -0.980533217477079137584301021264359606      
   7.65999764634787850743355943084897532E-0003
   5.04109166677436582258481916595216414E-0004
  -8.09733555953210079125977184819267763E-0007
 -0.962207884369522124313124870705632375      
   1.06577978114160490487757470891019057E-0002
   4.94687784307257766757043357316702851E-0004
  -1.11752129367401919139087674314833175E-0006
 -0.937950219688236665623906633325526668      
   1.35898891088994301151888634472328770E-0002
   4.82216487246443656817334604906951873E-0004
  -1.41841914100578813699674419806550398E-0006
 -0.907909780002474944688658512878028263      
   1.64381942209297396208513849519124857E-0002
   4.66772165188501276189534907192172160E-0004
  -1.71057196266102881129630426860052587E-0006
 -0.872271774612359564059533573109971909      
   1.91851523993337476142906334061395194E-0002
   4.48450037514676077854797922056955480E-0004
  -1.99217853934356503644326619613468184E-0006
 -0.831255923671959947821886240975045144      
   2.18138277334853055793548911807960564E-0002
   4.27363066234802908456176175896845455E-0004
  -2.26150267286445968393700151021461322E-0006
 -0.785115103541478138119364011777176477      
   2.43080135658261184101842516941730693E-0002
   4.03641259538951696403542774066333516E-0004
  -2.51688389038119395619568385458020156E-0006
 -0.734133787720398226724976151039035189      
   2.66523324112988518168955246156355096E-0002
   3.77430870253703560564138648557433160E-0004
  -2.75674768176490476615552504195167109E-0006
 -0.678626292973764997749543781273793727      
   2.88323307646560434716308285758364537E-0002
   3.48893494144840937664191555135314430E-0004
  -2.97961520697890692639424177105812454E-0006
 -0.618934841464806495850383403995701335      
   3.08345682111262318283591806008332051E-0002
   3.18205073625715488548625427121530239E-0004
  -3.18411241361928352755793611563551040E-0006
 -0.555427450841497308101702428844236772      
   3.26467002910404136288146129715219636E-0002
   2.85554813013762995743352407636152849E-0004
  -3.36897850840487487649936344570185130E-0006
 -0.488495665285380514308703949370093877      
   3.42575546075308526995616883864368489E-0002
   2.51144012022969551789108390209713621E-0004
  -3.53307373038711315604028198984233206E-0006
 -0.418552141511486821272012394389320613      
   3.56571997080729685059187678330097605E-0002
   2.15184824684195887413432102702320444E-0004
  -3.67538637795527932111086207783957376E-0006
 -0.346028104602464116024701373730675918      
   3.68370063151926932827841214860455917E-0002
   1.77898951345028740928820023027276004E-0004
  -3.79503904631335810613393772804741242E-0006
 -0.271370689362546050348595236375926092      
   3.77897005288316256092851897466426455E-0002
   1.39516271813415139351356458720745986E-0004
  -3.89129403697237216100157080150177429E-0006
 -0.195040183582796529765225237691633443      
   3.85094086723597076737865757445234577E-0002
   1.00273428072203611761590237321458584E-0004
  -3.96355790590687623695636513165334134E-0006
 -0.117507190213816582056407304302646785      
   3.89916935057448452614168177633635071E-0002
   6.04123653026284835672827505670540155E-0005
  -4.01138512233471422021404626953644137E-0006
  -3.92497259420625408047575242395448186E-0002
   3.92335815826132376560132736202304361E-0002
   2.01788402118126299171426684332234680E-0005
  -4.03448081556244514348377176887372543E-0006
