   3.92404790235609827205215236888388481E-0002
   3.92010419569534564920492022975395592E-0002
  0.117494694294359910057508952903664561      
   3.89190552378386655249894403710222192E-0002
  0.195024515703883509116782190767158288      
   3.83971196012834461509458605786946176E-0002
  0.271351946121860278259136412694386283      
   3.76384529540483726729362633567366350E-0002
  0.346006401558317180279983469102178556      
   3.66477327282959100080747205191085231E-0002
  0.418527612470362882258312585563366206      
   3.54310670436657280618444252478216216E-0002
  0.488468461476974834992882795511156052      
   3.39959570486859672702602499171241042E-0002
  0.555397739986334893758236203542875424      
   3.23512506736981776093609977855929149E-0002
  0.618902806740189284669713315256621651      
   3.05070880804245275360591105930299905E-0002
  0.678592131884422881755093856489215119      
   2.84748391444988408768829217273732680E-0002
  0.734097710880806715001530722490243453      
   2.62670333564024469902150422651796500E-0002
  0.785077333377350078879468362769686187      
   2.38972825729888849900326589912301682E-0002
  0.831216693048917044641550390691209246      
   2.13801970958599999543224588184297669E-0002
  0.872231325400238382398641111611349780      
   1.87312955939981492568485843535093582E-0002
  0.907868361584118939582581124215123586      
   1.59669094260114452346046527630254162E-0002
  0.937908087421968023572575688563997804      
   1.31040819518772083519165205341806873E-0002
  0.962165298014772791742308959741911433      
   1.01604634549602147153702456473825808E-0002
  0.980490439592887544119434265595017334      
   7.15420232214643741832483599588887704E-0003
  0.992770531564755264082621214696013242      
   4.10383315300294347717461325036128769E-0003
  0.998929863079824426484194104049825521      
   1.02816248780818307473323832790707531E-0003
  0.998930459811119060401594635709819256      
  -2.05384714102263633651845170219779549E-0003
  0.992772318079592301125127044668747407      
  -5.12319411925557168902998567577735123E-0003
  0.980493404876808937486121821765640787      
  -8.16095490210837448335404857907792582E-0003
  0.962169423785817109078527514685645688      
  -1.11484006841967905472391775070597911E-0002
  0.937913348243384818569497416078229482      
  -1.40671128688477137385666650176832347E-0002
  0.907874725021194777056557338516039301      
  -1.68990966248724805565274577344348993E-0002
  0.872238752220267632255805174238614400      
  -1.96268918306850368407755225394207786E-0002
  0.831225137463084558285838690978117913      
  -2.22336807217575953978633675347894443E-0002
  0.785086743323034460929851916319807447      
  -2.47033915777314240142257137867158431E-0002
  0.734108028342563696772956753836718334      
  -2.70207978099172463844514567996813415E-0002
  0.678603293251669827267824400431569290      
  -2.91716118382778660456244818929297041E-0002
  0.618914743199385585265345293294605710      
  -3.11425731791101981766662935594984945E-0002
  0.555410377945240328776380247903981986      
  -3.29215302003368574099270023694336102E-0002
  0.488481723018370204634707976506712756      
  -3.44975150403587426229588123738770735E-0002
  0.418541415832435574057932491265969676      
  -3.58608112285689794786809541032704929E-0002
  0.346020661638749932421976537003893945      
  -3.70030135906252661555002102282160837E-0002
  0.271366575002515264889824202199291401      
  -3.79170800691446977314595237852079638E-0002
  0.195039423192846895788158235216214766      
  -3.85973751403292535004173120182164583E-0002
  0.117509788482004994371400907370155989      
  -3.90397045588440135979260304679520221E-0002
   3.92556668492016060011572636303363181E-0002
  -3.92413412167343768868715933038570173E-0002
  -3.92404790235609827205215236887176590E-0002
  -3.92010419569534564920492022974048705E-0002
 -0.117494694294359910057508952903296781      
  -3.89190552378386655249894403709290764E-0002
 -0.195024515703883509116782190766644739      
  -3.83971196012834461509458605786610764E-0002
 -0.271351946121860278259136412693840234      
  -3.76384529540483726729362633567479739E-0002
 -0.346006401558317180279983469101669966      
  -3.66477327282959100080747205191348301E-0002
 -0.418527612470362882258312585562906872      
  -3.54310670436657280618444252478410555E-0002
 -0.488468461476974834992882795510728448      
  -3.39959570486859672702602499171341551E-0002
 -0.555397739986334893758236203542464816      
  -3.23512506736981776093609977856001492E-0002
 -0.618902806740189284669713315256227124      
  -3.05070880804245275360591105930402612E-0002
 -0.678592131884422881755093856488843799      
  -2.84748391444988408768829217273869391E-0002
 -0.734097710880806715001530722489900542      
  -2.62670333564024469902150422651947896E-0002
 -0.785077333377350078879468362769373609      
  -2.38972825729888849900326589912456298E-0002
 -0.831216693048917044641550390690927867      
  -2.13801970958599999543224588184459507E-0002
 -0.872231325400238382398641111611101913      
  -1.87312955939981492568485843535269774E-0002
 -0.907868361584118939582581124214911156      
  -1.59669094260114452346046527630432010E-0002
 -0.937908087421968023572575688563821485      
  -1.31040819518772083519165205341994817E-0002
 -0.962165298014772791742308959741773248      
  -1.01604634549602147153702456474020357E-0002
 -0.980490439592887544119434265594918630      
  -7.15420232214643741832483599590886608E-0003
 -0.992770531564755264082621214695954020      
  -4.10383315300294347717461325038099612E-0003
 -0.998929863079824426484194104049806262      
  -1.02816248780818307473323832792704216E-0003
 -0.998930459811119060401594635709839863      
   2.05384714102263633651845170217802913E-0003
 -0.992772318079592301125127044668806821      
   5.12319411925557168902998567575807162E-0003
 -0.980493404876808937486121821765739009      
   8.16095490210837448335404857905844384E-0003
 -0.962169423785817109078527514685782814      
   1.11484006841967905472391775070405724E-0002
 -0.937913348243384818569497416078404068      
   1.40671128688477137385666650176655056E-0002
 -0.907874725021194777056557338516249420      
   1.68990966248724805565274577344171265E-0002
 -0.872238752220267632255805174238859378      
   1.96268918306850368407755225394038936E-0002
 -0.831225137463084558285838690978396499      
   2.22336807217575953978633675347730378E-0002
 -0.785086743323034460929851916320118388      
   2.47033915777314240142257137867003093E-0002
 -0.734108028342563696772956753837059223      
   2.70207978099172463844514567996674778E-0002
 -0.678603293251669827267824400431936854      
   2.91716118382778660456244818929170441E-0002
 -0.618914743199385585265345293294998119      
   3.11425731791101981766662935594870021E-0002
 -0.555410377945240328776380247904396831      
   3.29215302003368574099270023694225301E-0002
 -0.488481723018370204634707976507150376      
   3.44975150403587426229588123738643925E-0002
 -0.418541415832435574057932491266435173      
   3.58608112285689794786809541032544174E-0002
 -0.346020661638749932421976537004392906      
   3.70030135906252661555002102282012119E-0002
 -0.271366575002515264889824202199812172      
   3.79170800691446977314595237852102388E-0002
 -0.195039423192846895788158235216707925      
   3.85973751403292535004173120182580704E-0002
 -0.117509788482004994371400907370530522      
   3.90397045588440135979260304680461459E-0002
  -3.92556668492016060011572636304908800E-0002
   3.92413412167343768868715933039907791E-0002
