   7.83784580776192408809430973832964051E-0002
   7.82494169440134196494659244331876824E-0002
  -1.61253969733361955693744864066696742E-0004
  -3.21875692182910240018983405036657808E-0005
   3.15635808129149929984171342320400823E-0008
  0.233205436472497647269153681786681045      
   7.63226566017960463989838430280543608E-0002
  -4.79791324838819145418463836579887412E-0004
  -3.13949976980497150350100027014729983E-0005
   8.76275060286878342491687172065981009E-0008
  0.382290123056952779284205029447830851      
   7.25165791536675211368370610511770772E-0002
  -7.86514625190629979123981050249119631E-0004
  -2.98293771404587596464235126800081977E-0005
   1.41533751227015235156330706561705047E-0007
  0.521961558063567733952103136181429581      
   6.69249028580476153853186998395426411E-0002
  -1.07387132517786092115426171180635792E-0003
  -2.75292583196427786423356317248943309E-0005
   1.91954965746543597052148454078587115E-0007
  0.648780567219562909614348479543988303      
   5.96853133430441576497862804521062751E-0002
  -1.33478574916461601418154115143304668E-0003
  -2.45512777946269716141492579404175718E-0005
   2.37649611947385060754370130156351277E-0007
  0.759624445631356860635699108573089942      
   5.09760733293366171861514648147542298E-0002
  -1.56283331810701374583190194267451226E-0003
  -2.09687633292879536667854140808222782E-0005
   2.77492535988238738311041845442622009E-0007
  0.851763849142709640306252663298055621      
   4.10116332103729245524608401761036025E-0002
  -1.75239874401120281847873317859534464E-0003
  -1.68699283194462173217582014448704589E-0005
   3.10502672848135050983381148547131404E-0007
  0.922929999846023355695797816048893271      
   3.00373505719627323505016812098092437E-0002
  -1.89881429695984316831947996485708893E-0003
  -1.23556996862975561068761710803409486E-0005
   3.35867203403220132281678429774511621E-0007
  0.971370550924069410352444588172112898      
   1.83234486742196398021437780476893666E-0002
  -1.99847474011397831897652416534471201E-0003
  -7.53723272065597658633681681525226229E-0006
   3.52961568731177122702761965256674138E-0007
  0.995892735244334330145606539704595906      
   6.15836265807761247252291991476025640E-0003
  -2.04892610260910557037167668320791737E-0003
  -2.53317407079059743067232089345310194E-0006
   3.61364848824685835749140851769182081E-0007
  0.995892735244389403505593354232866960      
  -6.15836268514016259508093611592405297E-0003
  -2.04892610446212242407019324734383127E-0003
   2.53325973182038634545102899512898392E-0006
   3.60870127038956394471463536616723632E-0007
  0.971370550924233274343504153695497804      
  -1.83234487006158201252298980870486596E-0002
  -1.99847474562740145532366257467780516E-0003
   7.53731627242691943935545940179471630E-0006
   3.51489585066240931138420085464360073E-0007
  0.922929999846291975442636839032523712      
  -3.00373505970425813106615776412581383E-0002
  -1.89881430599791381169605321702228477E-0003
   1.23557790714877598551851133120253120E-0005
   3.33454202982141621032464062483597032E-0007
  0.851763849143076401499206138981207360      
  -4.10116332335188930330487571853067094E-0002
  -1.75239875635137367400806765359453439E-0003
   1.68700015833288348078408148217346933E-0005
   3.07208071749570435809114748525543739E-0007
  0.759624445631812732396985908623755874      
  -5.09760733499787746261100504370831332E-0002
  -1.56283333344542885237182751585298797E-0003
   2.09688286678630459620453165182912910E-0005
   2.73397458225388844458830322851550061E-0007
  0.648780567220096666868254088439650315      
  -5.96853133606742256255509069319463882E-0002
  -1.33478576712359268652783012235832624E-0003
   2.45513335990419736478727562223828876E-0005
   2.32854891925555154735794756008841560E-0007
  0.521961558064166233823597633021313614      
  -6.69249028722314831124849996697911892E-0002
  -1.07387134531518955120732533929785486E-0003
   2.75293032158077888292710127203800792E-0005
   1.86578665385434566085655115747627650E-0007
  0.382290123057601284720145026063290992      
  -7.25165791640559347184040553133142556E-0002
  -7.86514647010462704049829076490446925E-0004
   2.98294100228811936067377243018424635E-0005
   1.35708252884435504121847034929408580E-0007
  0.233205436473180189913440188241397951      
  -7.63226566081332086154053351962135574E-0002
  -4.79791347803879267656386396843997243E-0004
   3.13950177570552019412595987422582412E-0005
   8.14962528075522658144172291535653160E-0008
   7.83784580783190142684446146118918746E-0002
  -7.82494169461432885351380274746523594E-0002
  -1.61253993278173478369385800728215170E-0004
   3.21875759599602767439767574635279202E-0005
   2.52775445159907588269046459318699467E-0008
  -7.83784580776192408809430973828481208E-0002
  -7.82494169440134196494659244329638292E-0002
   1.61253969733361955693744863815692210E-0004
   3.21875692182910240018983405313371882E-0005
  -3.15635808129149929984171116050206163E-0008
 -0.233205436472497647269153681786201031      
  -7.63226566017960463989838430280156616E-0002
   4.79791324838819145418463836570530759E-0004
   3.13949976980497150350100026675771720E-0005
  -8.76275060286878342491687072141074356E-0008
 -0.382290123056952779284205029447368243      
  -7.25165791536675211368370610511786902E-0002
   7.86514625190629979123981050257309253E-0004
   2.98293771404587596464235126647991522E-0005
  -1.41533751227015235156330704909100819E-0007
 -0.521961558063567733952103136181001350      
  -6.69249028580476153853186998395620088E-0002
   1.07387132517786092115426171181113174E-0003
   2.75292583196427786423356317198196513E-0005
  -1.91954965746543597052148454204561699E-0007
 -0.648780567219562909614348479543603695      
  -5.96853133430441576497862804521260219E-0002
   1.33478574916461601418154115143464967E-0003
   2.45512777946269716141492579371238396E-0005
  -2.37649611947385060754370129967043008E-0007
 -0.759624445631356860635699108572756371      
  -5.09760733293366171861514648147844127E-0002
   1.56283331810701374583190194267362942E-0003
   2.09687633292879536667854140801968623E-0005
  -2.77492535988238738311041845443109472E-0007
 -0.851763849142709640306252663297792635      
  -4.10116332103729245524608401761430661E-0002
   1.75239874401120281847873317859426112E-0003
   1.68699283194462173217582014444909946E-0005
  -3.10502672848135050983381148281782197E-0007
 -0.922929999846023355695797816048710308      
  -3.00373505719627323505016812098473260E-0002
   1.89881429695984316831947996485880214E-0003
   1.23556996862975561068761710803088341E-0005
  -3.35867203403220132281678429787168389E-0007
 -0.971370550924069410352444588171999461      
  -1.83234486742196398021437780477242319E-0002
   1.99847474011397831897652416534309528E-0003
   7.53723272065597658633681681560893372E-0006
  -3.52961568731177122702761965300616367E-0007
 -0.995892735244334330145606539704556328      
  -6.15836265807761247252291991479851696E-0003
   2.04892610260910557037167668320684419E-0003
   2.53317407079059743067232089333919103E-0006
  -3.61364848824685835749140851412679531E-0007
 -0.995892735244389403505593354232905286      
   6.15836268514016259508093611588539068E-0003
   2.04892610446212242407019324734421645E-0003
  -2.53325973182038634545102899543460731E-0006
  -3.60870127038956394471463536527278431E-0007
 -0.971370550924233274343504153695611819      
   1.83234487006158201252298980870115133E-0002
   1.99847474562740145532366257467790033E-0003
  -7.53731627242691943935545940141318390E-0006
  -3.51489585066240931138420085582060073E-0007
 -0.922929999846291975442636839032712261      
   3.00373505970425813106615776412193128E-0002
   1.89881430599791381169605321702103141E-0003
  -1.23557790714877598551851133122378825E-0005
  -3.33454202982141621032464062131809087E-0007
 -0.851763849143076401499206138981471116      
   4.10116332335188930330487571852760209E-0002
   1.75239875635137367400806765359884704E-0003
  -1.68700015833288348078408148225212077E-0005
  -3.07208071749570435809114749060786219E-0007
 -0.759624445631812732396985908624078756      
   5.09760733499787746261100504370506271E-0002
   1.56283333344542885237182751585296540E-0003
  -2.09688286678630459620453165173241941E-0005
  -2.73397458225388844458830322964666643E-0007
 -0.648780567220096666868254088440032419      
   5.96853133606742256255509069319199669E-0002
   1.33478576712359268652783012235944963E-0003
  -2.45513335990419736478727562223010820E-0005
  -2.32854891925555154735794755992897380E-0007
 -0.521961558064166233823597633021740400      
   6.69249028722314831124849996697708947E-0002
   1.07387134531518955120732533929656239E-0003
  -2.75293032158077888292710127204618995E-0005
  -1.86578665385434566085655115245902187E-0007
 -0.382290123057601284720145026063755189      
   7.25165791640559347184040553132974037E-0002
   7.86514647010462704049829076488130355E-0004
  -2.98294100228811936067377243030990875E-0005
  -1.35708252884435504121847034111317340E-0007
 -0.233205436473180189913440188241880710      
   7.63226566081332086154053351962214898E-0002
   4.79791347803879267656386396841538861E-0004
  -3.13950177570552019412595987556965220E-0005
  -8.14962528075522658144172305514848367E-0008
  -7.83784580783190142684446146123356088E-0002
   7.82494169461432885351380274748518616E-0002
   1.61253993278173478369385800930020302E-0004
  -3.21875759599602767439767574248465271E-0005
  -2.52775445159907588269046649114738690E-0008
