  0.155791946377867628890109279268945792      
  0.154763249474862254521170626556474212      
  -1.28448309556191636303413912912558622E-0003
  -2.53719760215274008882036719450125109E-0004
  0.452125839369232437266064726242135052      
  0.139613942916975081093640806702368059      
  -3.72745975966219351919496262531730445E-0003
  -2.27072376412807789274332911591870694E-0004
  0.704202505057181162942739712065888842      
  0.110798250878835249184712062326402708      
  -5.80556669174747597350170314984605115E-0003
  -1.78197566300779544862199578142243586E-0004
  0.887346923082773527674179859355545307      
   7.11368540678678984238506571529377930E-0002
  -7.31538430628287487756848715222939890E-0003
  -1.11879536823780311239347779966625661E-0004
  0.983631641767471206859754333446408242      
   2.45120863411310860362606692865362069E-0002
  -8.10912113563978342835458280408518262E-0003
  -3.46099587719001625317228494913889302E-0005
  0.983631641991333754007380520151531942      
  -2.45120951824236023667431704396774640E-0002
  -8.10908068867106897898040160337016484E-0003
   4.60474831863357907601815810843825297E-0005
  0.887346923732447943260167904564364411      
  -7.11368620437131023487298769337129080E-0002
  -7.31526692460783990161837694210777107E-0003
   1.22197476658612512763526798522227119E-0004
  0.704202506069072788621712751694390311      
 -0.110798257208501841162638279316684743      
  -5.80538386550231911482399796962492440E-0003
   1.86385929715660928284398477521802053E-0004
  0.452125840644290270453044003915083098      
 -0.139613946980871193721449110449983464      
  -3.72722938515361608373135815892333922E-0003
   2.32329629345007139315086789315467568E-0004
  0.155791947791280125022447364656514205      
 -0.154763250875185421465685258426459579      
  -1.28422772345193149421712089310411685E-0003
   2.55531286118352615559202028046287140E-0004
 -0.155791946377867628890109279268523002      
 -0.154763249474862254521170626556182049      
   1.28448309556191636303413912894581401E-0003
   2.53719760215274008882036719453048140E-0004
 -0.452125839369232437266064726241703691      
 -0.139613942916975081093640806702418037      
   3.72745975966219351919496262537095363E-0003
   2.27072376412807789274332911578278359E-0004
 -0.704202505057181162942739712065530908      
 -0.110798250878835249184712062326484103      
   5.80556669174747597350170314984196381E-0003
   1.78197566300779544862199578151697875E-0004
 -0.887346923082773527674179859355318817      
  -7.11368540678678984238506571530037200E-0002
   7.31538430628287487756848715221901995E-0003
   1.11879536823780311239347779968987311E-0004
 -0.983631641767471206859754333446328893      
  -2.45120863411310860362606692866102468E-0002
   8.10912113563978342835458280408206352E-0003
   3.46099587719001625317228494904356102E-0005
 -0.983631641991333754007380520151611675      
   2.45120951824236023667431704395992983E-0002
   8.10908068867106897898040160337257225E-0003
  -4.60474831863357907601815810849383445E-0005
 -0.887346923732447943260167904564591286      
   7.11368620437131023487298769336439597E-0002
   7.31526692460783990161837694210945250E-0003
  -1.22197476658612512763526798522419641E-0004
 -0.704202506069072788621712751694745742      
  0.110798257208501841162638279316628060      
   5.80538386550231911482399796963109716E-0003
  -1.86385929715660928284398477520557675E-0004
 -0.452125840644290270453044003915527747      
  0.139613946980871193721449110449930501      
   3.72722938515361608373135815890520088E-0003
  -2.32329629345007139315086789314699500E-0004
 -0.155791947791280125022447364656927750      
  0.154763250875185421465685258426695312      
   1.28422772345193149421712089325580922E-0003
  -2.55531286118352615559202028047651325E-0004
