   7.83784580718957199423916021832511276E-0002
   7.82494169688000320553701299249413159E-0002
  -1.61258027559158479209417033305532825E-0004
  -3.21519813283794854030136972553397745E-0005
  0.233205436465162575666688669775417830      
   7.63226566181639097814810843530352041E-0002
  -4.79795267906872584816745571799717671E-0004
  -3.13034502254450089375793941799243122E-0005
  0.382290123048186770824386153735012679      
   7.25165791612136043776260922294929209E-0002
  -7.86518356409518566126578925889414369E-0004
  -2.96841242877650562528211044365587683E-0005
  0.521961558053586636855925259400678487      
   6.69249028565861088709968531470788616E-0002
  -1.07387475267259241321731346142798191E-0003
  -2.73338766941599769682576868183003539E-0005
  0.648780567208612491617681605470805740      
   5.96853133326110485211981919754012726E-0002
  -1.33478878853889491912474284871106189E-0003
  -2.43105783404088968870548360626828748E-0005
  0.759624445619706757371974910846433595      
   5.09760733101888032155470065168571186E-0002
  -1.56283589452135821210218232635345802E-0003
  -2.06886728657331442387066164895308849E-0005
  0.851763849130646715982300035297815313      
   4.10116331829818884677475032911321650E-0002
  -1.75240079402574105633563930642704294E-0003
  -1.65573436033343467995665821145039920E-0005
  0.922929999833844639543023024292416545      
   3.00373505370029323657220314732617070E-0002
  -1.89881577009641363816200700983106800E-0003
  -1.20183175907484943198610656314567839E-0005
  0.971370550912074782781370548366614365      
   1.83234486325519022178472481624991766E-0002
  -1.99847560009906959586148706808415865E-0003
  -7.18336071256912103217507096954263233E-0006
  0.995892735232819138694919719917570158      
   6.15836261072793527532758510838871269E-0003
  -2.04892632826703058017827195866965777E-0003
  -2.17152565343890817695760715760154972E-0006
  0.995892735233637190405539030534534917      
  -6.15836273700587320801099045793844568E-0003
  -2.04892569023643413734103873615633740E-0003
   2.89377957415942633524975411262153836E-0006
  0.971370550914508794765155060403935888      
  -1.83234487557204582261795812618834316E-0002
  -1.99847370171771105392047348876329857E-0003
   7.88783034473816435350868128144570700E-0006
  0.922929999837834678346909321614251862      
  -3.00373506540292878277767113400500331E-0002
  -1.89881265810874241093342974376754113E-0003
   1.26876565540213950665591159324768128E-0005
  0.851763849136094533608756853603910604      
  -4.10116332909844661238422078734553809E-0002
  -1.75239654505922170437980715357298553E-0003
   1.71750705510266658265201533902412653E-0005
  0.759624445626478210470768767023260861      
  -5.09760734065082211637836829313028769E-0002
  -1.56283061319964795326795039819891799E-0003
   2.12395773102744955350847836797696358E-0005
  0.648780567216540844540355801184136106      
  -5.96853134148756030258703038742061274E-0002
  -1.33478260490566196183508142191816470E-0003
   2.47810951860276445435991185956857853E-0005
  0.521961558062476667240828776535376854      
  -6.69249029227701735797958974517592871E-0002
  -1.07386781898940925498726849124502801E-0003
   2.77124202545611046146930480910990290E-0005
  0.382290123057819576619123374757602297      
  -7.25165792096875079651038708180879759E-0002
  -7.86510843406676751486971949401838635E-0004
   2.99613735641774387023505382381998872E-0005
  0.233205436475300965223143618051796330      
  -7.63226566477340638656512814117183222E-0002
  -4.79787360579436306135972042602699374E-0004
   3.14725784205457786530895518955433150E-0005
   7.83784580822900524622985056722005282E-0002
  -7.82494169787383213049655442861374369E-0002
  -1.61249920611772132859301481564304948E-0004
   3.22088239447009628384870584979573652E-0005
  -7.83784580718957199423916021828381962E-0002
  -7.82494169688000320553701299246276542E-0002
   1.61258027559158479209417033161314221E-0004
   3.21519813283794854030136972518375654E-0005
 -0.233205436465162575666688669774936251      
  -7.63226566181639097814810843530959070E-0002
   4.79795267906872584816745571847337229E-0004
   3.13034502254450089375793941797363330E-0005
 -0.382290123048186770824386153734537360      
  -7.25165791612136043776260922295129385E-0002
   7.86518356409518566126578925866991485E-0004
   2.96841242877650562528211044438097846E-0005
 -0.521961558053586636855925259400251412      
  -6.69249028565861088709968531470878653E-0002
   1.07387475267259241321731346142676804E-0003
   2.73338766941599769682576868145128318E-0005
 -0.648780567208612491617681605470425754      
  -5.96853133326110485211981919754306912E-0002
   1.33478878853889491912474284871517217E-0003
   2.43105783404088968870548360622394283E-0005
 -0.759624445619706757371974910846107247      
  -5.09760733101888032155470065168878613E-0002
   1.56283589452135821210218232635189527E-0003
   2.06886728657331442387066164904864501E-0005
 -0.851763849130646715982300035297550882      
  -4.10116331829818884677475032911633952E-0002
   1.75240079402574105633563930642637846E-0003
   1.65573436033343467995665821144419465E-0005
 -0.922929999833844639543023024292219811      
  -3.00373505370029323657220314732987390E-0002
   1.89881577009641363816200700982970481E-0003
   1.20183175907484943198610656313756160E-0005
 -0.971370550912074782781370548366497557      
  -1.83234486325519022178472481625400425E-0002
   1.99847560009906959586148706808467060E-0003
   7.18336071256912103217507096973502843E-0006
 -0.995892735232819138694919719917530869      
  -6.15836261072793527532758510842603511E-0003
   2.04892632826703058017827195866944674E-0003
   2.17152565343890817695760715715851913E-0006
 -0.995892735233637190405539030534575361      
   6.15836273700587320801099045789665074E-0003
   2.04892569023643413734103873615702239E-0003
  -2.89377957415942633524975411228866187E-0006
 -0.971370550914508794765155060404050769      
   1.83234487557204582261795812618499355E-0002
   1.99847370171771105392047348876270387E-0003
  -7.88783034473816435350868128169938456E-0006
 -0.922929999837834678346909321614440218      
   3.00373506540292878277767113400112075E-0002
   1.89881265810874241093342974376831639E-0003
  -1.26876565540213950665591159321927017E-0005
 -0.851763849136094533608756853604169545      
   4.10116332909844661238422078734233502E-0002
   1.75239654505922170437980715357346494E-0003
  -1.71750705510266658265201533900670189E-0005
 -0.759624445626478210470768767023580758      
   5.09760734065082211637836829312739518E-0002
   1.56283061319964795326795039819909140E-0003
  -2.12395773102744955350847836799385778E-0005
 -0.648780567216540844540355801184513203      
   5.96853134148756030258703038741782375E-0002
   1.33478260490566196183508142191841221E-0003
  -2.47810951860276445435991185959195118E-0005
 -0.521961558062476667240828776535806625      
   6.69249029227701735797958974517362963E-0002
   1.07386781898940925498726849124712321E-0003
  -2.77124202545611046146930480912626049E-0005
 -0.382290123057819576619123374758066976      
   7.25165792096875079651038708180779611E-0002
   7.86510843406676751486971949406907178E-0004
  -2.99613735641774387023505382379696873E-0005
 -0.233205436475300965223143618052288669      
   7.63226566477340638656512814116765897E-0002
   4.79787360579436306135972042583475809E-0004
  -3.14725784205457786530895518900616733E-0005
  -7.83784580822900524622985056726092105E-0002
   7.82494169787383213049655442863978106E-0002
   1.61249920611772132859301481693892715E-0004
  -3.22088239447009628384870585035030126E-0005
